	type	mu	lambda	psi	p	R_naught	infectious_time	incubation_period	mu_error	lambda_error	psi_error	p_error	R_naught_error	infectious_time_error	incubation_period_error
0	PhyloDeep	0.7407497062369729	1.4523744877410325	0.6125935893000646		2.370861388543883	1.6324036318149804	1.3499836605808797	0.014774426367277618	0.022035241913474658	0.009289803909042299		0.012628125197607577	-0.009204297787476334	-0.014559320754828034
0	PyBDEI (subtrees)	0.7370681598462165	1.4451313893519724	0.6157634057400174		2.346893913929864	1.624000372023101	1.3567266292016225	0.009730969589140017	0.01693827699378646	0.014512293123732041		0.0023912809006824813	-0.014304699136811835	-0.009637190382602306
0	PyBDEI	0.7277073639951157	1.44927394211076	0.6246539556687822		2.320122891976411	1.6008863642420317	1.3741787557432383	-0.003092655125337007	0.01985338941603238	0.029160081724489507		-0.00904299775489033	-0.028333863936529757	0.0031022493125733826
1	PhyloDeep	0.2365604634459286	0.9551162922003412	0.2811075569030915		3.39768984769629	3.557357230153503	4.227249073802112	-0.0626536056748641	0.05295545570921561	0.04388121886932087		0.00869278676143198	-0.04203660155592304	0.06684146442999106
1	PyBDEI	0.2488109899610543	0.9178933234551492	0.2773821829585096		3.309128631352815	3.6051342207137305	4.01911507267636	-0.014112160116856662	0.01191948099282748	0.0300471976965822		-0.017598918519746033	-0.029170699909455245	0.014314163889605519
1	PyBDEI (subtrees)	0.2491725954983809	0.9218470786715278	0.2755259179009311		3.3457726434396267	3.629422624261297	4.013282431801366	-0.01267933553728124	0.016278246684106695	0.023154034623354875		-0.006720188462902591	-0.022630057488732203	0.012842165664770176
2	PhyloDeep	0.0332324541234413	0.4881064489330603	0.1263071844101163		3.864439312875432	7.9172060138164815	30.09106689158494	0.09688497288726539	-0.02215730739550623	-0.010725230079769376		-0.011556018270494128	0.010841507744743425	-0.08832737732949414
2	PyBDEI (subtrees)	0.0307967726574836	0.5088741042714578	0.1260810226589645		4.03608801340315	7.931407748054924	32.470934897037	0.016491800934776094	0.019447346793288828	-0.012496594989693818		0.03234818393628588	0.012654736101454721	-0.01622423409575076
2	PyBDEI	0.030401856370366	0.5111363866180746	0.1266374356336217		4.036218706266742	7.89655914143056	32.89272825375033	0.0034570205577778446	0.023979465281136758	-0.008138606011827407		0.03238161247895749	0.00820538641906658	-0.003445110739131757
3	PhyloDeep	0.1314462634084213	1.654490897025561	0.425206120253784		3.891032650325162	2.351800579453444	7.607671561517613	0.09171234952914395	-0.018920438504939033	0.006080185288537039		-0.02484953402228686	-0.006043440053233331	-0.08400779708015536
3	PyBDEI (subtrees)	0.1335595277706672	1.637396050793736	0.4217490571761247		3.882394098891728	2.371078211047178	7.487298111124523	0.10926383210659299	-0.02905733576747215	-0.0020995715306962853		-0.02701448307635918	0.0021039890061142056	-0.09850121219502048
3	PyBDEI	0.130955859645411	1.645214179752372	0.428831646871782		3.836503653015797	2.331917448944699	7.636160785074438	0.0876393555127952	-0.024421343786954146	0.014658543684288438		-0.03851530912984895	-0.01444677500182726	-0.08057758766137672
4	PyBDEI (subtrees)	0.0473614986815768	0.2708073716928985	0.1398600622506777		1.9362737820573663	7.150003967591929	21.11419671753313	0.012600695828126758	0.03245664160617525	-0.018912117655787604		0.05235897842222048	0.019276680505520876	-0.012443894103611273
4	PyBDEI	0.047063223249044	0.2707076210663364	0.1416782376178573		1.910721262615537	7.0582470308337495	21.248013437335327	0.006223492425806382	0.03207634103955996	-0.0061580133603135155		0.038471260938722183	0.006196169454597479	-0.0061850001243793475
4	PhyloDeep	0.0472395823087221	0.2659652389505323	0.1363782009631599		1.9502034568000937	7.332550165184622	21.1686884415014	0.009994093262285009	0.013995947282595388	-0.04333661641701703		0.059929714760154344	0.045299754501639256	-0.009895199713499904
5	PyBDEI (subtrees)	0.8102862208321809	0.2990109303618114	0.2124877422994599		1.4071914319669978	4.7061538194080645	1.234131809588196	-0.12306933004208535	0.04070820750226004	0.032257988766380336		0.008186150001104304	-0.031249928910631133	0.14034100329504032
5	PyBDEI	0.8840244355518653	0.2887484120021579	0.2071254972459163		1.3940746834240891	4.8279908234219855	1.1311904510600268	-0.0432662920869011	0.004989489549004567	0.006208390637361773		-0.0012113803658357282	-0.00617008434349217	0.04522292015954702
5	PhyloDeep	0.5697040772956404	0.3546854310017936	0.2537858859860805		1.3975774485002177	3.940329447851356	1.7552972496650454	-0.3834388820440126	0.23448343068393174	0.23288292025846058		0.001298185252769606	-0.1888929730729333	0.6218992260089038
6	PyBDEI (subtrees)	0.4513612723587932	0.6440427791847834	0.140848959642475		4.572577467519774	7.099803949836457	2.215520163646398	-0.09289354927493926	0.047656745598412986	0.0485114034113476		-0.0008151154199700323	-0.04626692971913816	0.10240644766740249
6	PyBDEI	0.4648039893625791	0.6340939688741589	0.1419120312919008		4.468218537228054	7.046618887041976	2.1514445290613264	-0.0658775511019447	0.031473133935538834	0.05642514838962513		-0.023619292376864054	-0.05341140210041131	0.07052346421998255
6	PhyloDeep	0.3879278767085387	0.7685455053281195	0.1789506263653756		4.294734927381187	5.588133555667093	2.5777987611633506	-0.22037644581374752	0.25018385265574455	0.33214879874140457		-0.06152837142750114	-0.24933310682351278	0.28267032804539854
7	PyBDEI (subtrees)	0.0520145626451832	0.6385192781160404	0.2206664751635957		2.89359440595886	4.531725987187809	19.225385144954284	0.021119328194977534	0.012123694212254933	0.02633574371409898		-0.013847368747398213	-0.025659969337904518	-0.020682527116895343
7	PyBDEI	0.0520406446461401	0.6370618396721587	0.2222866333746024		2.86594758308552	4.498696052113838	19.215749666432508	0.021631354711027742	0.009813493044545762	0.033871216790357116		-0.023269555584009914	-0.03276154344978284	-0.02117334654156845
7	PhyloDeep	0.0547998881731238	0.599611036495733	0.209988873872153		2.8554419357512844	4.762157068420812	18.248212420448745	0.07579920220057793	-0.04955017311441308	-0.02332655253824707		-0.026849937043254335	0.02388367636989585	-0.07045850382258015
8	PyBDEI (subtrees)	0.05718912670932	0.413007360199086	0.2118519099411784		1.949509732122591	4.720278425989429	17.485841409727836	0.04922153506133523	-0.014195253732520471	-1.5174793171838297e-05		-0.014180294122379254	1.5175023449395028e-05	-0.04691243309112791
8	PhyloDeep	0.0574370448343835	0.409131124444412	0.2101579850080334		1.9467788693766388	4.758325028486422	17.410366478349346	0.05376997023977035	-0.023447417187349346	-0.008010850775771195		-0.015561225063450028	0.008075542743623255	-0.05102628823967802
8	PyBDEI	0.0568064474647197	0.4108883189385454	0.214644312839467		1.914275358629464	4.65887023406906	17.603635584166057	0.042200702124045426	-0.019253180378599164	0.013165544346568213		-0.03199746073685827	-0.012994465139513847	-0.040491914885529584
9	PhyloDeep	0.0408437277737168	0.1891458919245262	0.1636239256214239		1.155979427862844	6.111575652534436	24.483563438191016	0.016652054226190195	-0.031152845542112086	-0.010680957014807872		-0.020692908594513785	0.01079627152690662	-0.016379305148667617
9	PyBDEI (subtrees)	0.0404452019284498	0.1985708166445413	0.1672667252313359		1.1871507400525156	5.978475387839175	24.72481165427393	0.006732241776709328	0.017123706504865784	0.011344495621032763		0.005714384078675309	-0.011217241672004939	-0.00668722178285462
9	PyBDEI	0.0403274509787374	0.1981102210883907	0.1685378970253206		1.1754639436294096	5.933383634481705	24.797004911796883	0.0038012716758548857	0.014764434043846508	0.019030379319999895		-0.004186278802600384	-0.01867498722923145	-0.0037868767286072256
10	PhyloDeep	0.0813138371878068	0.2507880103716345	0.1097566881109889		2.2849451335305506	9.111062088433036	12.298029887463631	-0.006265514847656971	0.05540818264079091	0.047315861692937576		0.007726724328200825	-0.04517821549695034	0.006305019038054154
10	PyBDEI (subtrees)	0.0809213128280829	0.2388209227176785	0.1050059815086916		2.274355415628496	9.523267014243633	12.357683841888436	-0.011062545783720935	0.005046276528738173	0.0019838599309677006		0.0030563532210800774	-0.0019799320231614274	0.011186294680776572
10	PyBDEI	0.0814580569307733	0.237411486562184	0.1063852717633745		2.2316198720650178	9.399797391355367	12.2762564892733	-0.004503008772650129	-0.0008851491770375657	0.015145268009782248		-0.015791254406621064	-0.014919311045477777	0.004523377581581492
11	PyBDEI (subtrees)	0.1841795186391085	0.5191366362005282	0.1167163133667543		4.447849843999611	8.567782610282833	5.429485359658557	0.040925083516636734	-0.023017453961098444	0.0036360322763868943		-0.02655692440319441	-0.003622859442521706	-0.03931607006565405
11	PyBDEI	0.1815484631260879	0.5202336143189431	0.117846478954329		4.41450282549857	8.485616276983096	5.508171111894712	0.02605517995806414	-0.02095301003565761	0.013354253092397282		-0.03385515284843514	-0.013178267177193698	-0.02539354653336413
11	PhyloDeep	0.1836602143478114	0.5321431218669519	0.1263762378210635		4.210784646243502	7.912879962575738	5.444837378367768	0.037990137944061024	0.0014599352179860108	0.08670109809069221		-0.07844030251048206	-0.0797837586094506	-0.03659970991565303
12	PyBDEI (subtrees)	1.0975198135027375	1.24397626457211	0.5674004526148514		2.192413239783781	1.7624236910484017	0.9111452820231984	0.08894397079417701	-0.005996772123567119	0.023987612438817314		-0.02928197977998096	-0.023425686158142313	-0.0816791067122667
12	PhyloDeep	1.081366265061688	1.2519103991613496	0.5383845366428883		2.3253089826235938	1.857408472827856	0.9247560538084232	0.07291664357383913	0.0003430235917659158	-0.028377411913787714		0.029559250533814443	0.02920620852349905	-0.06796114498788737
12	PyBDEI	1.09073241820127	1.237942130631293	0.5736018452250916		2.1581906350833	1.7433695660577628	0.9168151448630296	0.08220961110426764	-0.010818366221002674	0.03517926585307015		-0.04443446037934985	-0.03398374273279097	-0.0759645915733296
13	PyBDEI (subtrees)	0.0572024891906035	0.3450415701317836	0.1008378194159082		3.421747635266194	9.916914167644515	17.48175672334669	0.03231418233540514	-0.002669992027145159	-0.04436187205189654		0.04362726727351226	0.04642120354401036	-0.03130266239518437
13	PyBDEI	0.0563638809695086	0.3447801340905094	0.1025172469318319		3.3631427336296724	9.754456249346436	17.741858488079874	0.017180100369588485	-0.0034256633192413966	-0.02844596890525774		0.025752870952347524	0.02927883369821899	-0.016889929682409682
13	PhyloDeep	0.0562857926125375	0.3487338657880647	0.1019174809372055		3.421727681857936	9.811859465169968	17.766472738224383	0.01577086591987902	0.008002453194195883	-0.0341299400148242		0.04362118151759076	0.03533595400539461	-0.015526007339852314
14	PhyloDeep	0.1403834517222786	0.3320345879799735	0.1300592185223896		2.552949277661651	7.688805233193449	7.123346717377385	-0.1468787413457211	0.1318601252219567	0.05394066805192588		0.07393154048610205	-0.0511799854460771	0.17216631264986726
14	PyBDEI	0.1616222255664959	0.2962553681129113	0.1241632135484508		2.386015629317672	8.053915257354236	6.187267849424408	-0.01780904508196448	0.00989369839440139	0.006162129231928202		0.003708715577798437	-0.0061243899495921315	0.01813195793831181
14	PyBDEI (subtrees)	0.1600329663582443	0.2967230976513653	0.1226409287146344		2.4194459448508567	8.153884763273751	6.24871251690376	-0.02746709807494651	0.01148812389442326	-0.006173773697102274		0.017771615524002346	0.0062121259569380485	0.028242847126896158
15	PyBDEI	0.1371988229125365	1.1905919561029918	0.3086441104354221		3.857491252379172	3.2399775864481657	7.28869226988554	-0.013020567654094367	0.032901134229555186	0.03144718632577031		0.0014096193416981446	-0.030488411566462936	0.013192339401790912
15	PyBDEI (subtrees)	0.1385377588437704	1.1777617555335762	0.3038573230819075		3.876035448440056	3.291018264287285	7.218248716782723	-0.0033885445994998654	0.021770260505261596	0.015450385543286314		0.006223716147977203	-0.015215303242038783	0.0034000658743563155
15	PhyloDeep	0.1455885448408909	1.1986163353169246	0.3226622039898009		3.714771425025076	3.099216417772963	6.868672264654254	0.047333324679705	0.03986270519353892	0.07829377326992862		-0.03564062876839911	-0.07260894499325798	-0.04519413596829927
16	PhyloDeep	0.1538642162854323	2.0002598116609587	0.5266587818790257		3.79801852828578	1.898762603809959	6.499236951526842	0.1361304030681292	-0.10300539103682929	-0.05649571193416838		-0.049294613380088684	0.05987859583551423	-0.11981934705779225
16	PyBDEI	0.1359789009539364	2.1966885842753423	0.5472249239070376		4.014233431824672	1.8274021454656544	7.354082089093775	0.004065579893925659	-0.014919058924778881	-0.019651660605205047		0.00482746947207327	0.020045589731234447	-0.004049117881677703
16	PyBDEI (subtrees)	0.1371359731260809	2.1943901478937984	0.5449394307023745		4.026851470566996	1.8350663278505948	7.292032697216607	0.012609378478508659	-0.01594976755136362	-0.023746100331912705		0.007985968387116831	0.02432369319086573	-0.012452361933932527
17	PyBDEI	0.0463296975863014	0.1799913732747004	0.107619253379323		1.672483014171164	9.292017632526438	21.584427529172448	0.009563284912034245	0.010940410908553744	0.01248927086459273		-0.0015297544385005574	-0.012335213047668383	-0.009472694832468528
17	PyBDEI (subtrees)	0.046616696190873	0.1802395766271455	0.1063977182890976		1.6940173109484264	9.398697792398687	21.45154165163228	0.015817227179987715	0.01233447104901812	0.0009969854788304995		0.011326193519717094	-0.0009959924887833484	-0.015570938114426551
17	PhyloDeep	0.0464738678901579	0.1778827111204722	0.1066383281087871		1.6680935858165853	9.377491355451951	21.51746874961048	0.012704877737608207	-0.0009031110662987808	0.003260659061861401		-0.004150237618261116	-0.003250061718667199	-0.012545488835792564
18	PyBDEI (subtrees)	0.1153293721222679	1.1684179922470033	0.3397189719008842		3.4393663259639755	2.9436095205532355	8.6708180370551	0.00797612240829612	-0.0058043570007798055	-0.03159380936956149		0.026630821465517953	0.03262454296062844	-0.007913007293505364
18	PhyloDeep	0.1170426080212183	1.1517618417442337	0.3373141844312285		3.414507586410301	2.9645951642566617	8.543897106417116	0.022949765691153094	-0.019976915424967545	-0.03844891981492251		0.019210632456883297	0.03998635185092996	-0.02243489021735824
18	PyBDEI	0.113142452344609	1.175614687368549	0.3431361834843277		3.426087786577727	2.9142948139296823	8.838415460133406	-0.011137507337001138	0.0003192417295638359	-0.021852672942637947		0.02266725477735893	0.02234088090633452	0.011262948508651824
19	PhyloDeep	0.0665563621737051	0.7342415269443742	0.1729023232454413		4.246568311879134	5.783612280214781	15.024859642870874	0.05178182277988851	0.0001453556083759446	0.032292126767782606		-0.031141156970810102	-0.03128196557004931	-0.049232475460574514
19	PyBDEI (subtrees)	0.0661872583630595	0.7223288293013611	0.1636988451795734		4.412546884548787	6.108778586086086	15.108648170840702	0.04594892167056061	-0.016081497250259754	-0.022656110872661683		0.0067270217735456985	0.02318130918370052	-0.04393036860458966
19	PyBDEI	0.0655154430357075	0.7239307003151606	0.16614566903265		4.357204762122915	6.018814729401615	15.263576855535812	0.03533230852500448	-0.01389951244561029	-0.00804764898673861		-0.005899339270575403	0.008112939072645623	-0.03412653911606521
20	PyBDEI	0.0500877109626747	0.4747970907947637	0.2139729795171657		2.21895816876576	4.673487289173239	19.964977052858284	0.009280016904105987	-0.006460082938254511	0.002437278948465293		-0.008875729258645815	-0.002431353062829279	-0.00919469002524506
20	PhyloDeep	0.0531420014016075	0.4520273172141745	0.2038875126500964		2.2170426787732005	4.90466525880945	18.817507312958497	0.07082474008247847	-0.05410712920996851	-0.044811901700247445		-0.009731305829989515	0.046914216979894514	-0.06614036586138597
20	PyBDEI (subtrees)	0.0509304882151613	0.4754497571277895	0.2120855967682909		2.2417823952808584	4.715077380254758	19.634604635545443	0.02626219123964191	-0.005094341515327925	-0.0064048787453969995		0.0013189851701508922	0.006446165654788682	-0.02559013813801389
21	PyBDEI (subtrees)	0.0297196759284567	0.562394983985594	0.1147623754126073		4.900517107315047	8.713657210428778	33.64774240497335	0.008456050169804179	-0.004528192854074988	-0.015541454594218742		0.011187125950137412	0.015786804499535987	-0.008385144963314961
21	PhyloDeep	0.0351367735175773	0.5065402966339693	0.1180169114861987		4.2920992445494175	8.473361888621723	28.460211336699537	0.19227046494537622	-0.10339423565099427	0.012376718391127629		-0.11435560689908605	-0.012225407959595787	-0.16126413477346985
21	PyBDEI	0.0287149594037478	0.5770227453209372	0.1165160761753528		4.95230155581739	8.58250666195653	34.82505358755555	-0.025636261620113947	0.02136379485143139	-0.0004977985548388981		0.02187248149594964	0.0004980464816575622	0.026310771440180892
22	PyBDEI	0.6607964133705033	0.1959489481501251	0.1665102626981384		1.176798024187585	6.005635831665646	1.5133254051718164	-0.00399701443655455	0.03087545242642739	0.01022914425991175		0.020437252561784514	-0.010125568360439718	0.004013054674021125
22	PyBDEI (subtrees)	0.6626276216817234	0.1973245988568464	0.1650612799562244		1.195462672464302	6.0583560255028175	1.509143246190128	-0.0012368769596261561	0.03811266680323316	0.0014380669311537054		0.036621935078288405	-0.001436001864360079	0.0012384087188370032
22	PhyloDeep	0.4715340332679814	0.22875667056983	0.1937341327331507		1.1807762903861618	5.161713044016871	2.120737697488066	-0.28926777532862635	0.20347487697951278	0.1753982244310946		0.023886927821426172	-0.14922451028543077	0.4069996621616207
23	PyBDEI	0.029979312884978	0.4804774021551057	0.1136092722756486		4.229209399293836	8.802098455253844	33.35633487787761	-0.0495760661233407	0.02758299161877416	-0.020861888061289347		0.04947706466469957	0.02130637936254199	0.052162055643026034
23	PhyloDeep	0.0326615023775594	0.4515918459947187	0.1125584031104189		4.012066922730864	8.884276716497189	30.61708516773754	0.035456472771812374	-0.034193703977579155	-0.029918772501505642		-0.004406776829500777	0.03084151270368893	-0.03424235948508836
23	PyBDEI (subtrees)	0.0305015464330943	0.4747461747268577	0.1119427827928321		4.240971707889831	8.933135080719394	32.785222945778045	-0.033019874021560876	0.015325782851096285	-0.03522447777854095		0.052395878072488355	0.03651054257412542	0.034147417443711685
24	PyBDEI	0.2442202505863837	0.6855003972246166	0.1807058722104377		3.7934594423491097	5.533854477266064	4.094664539893622	0.01190014373398565	-0.008488731855122965	0.037455828175133266		-0.044285798761256226	-0.03610354017772253	-0.011760195714641639
24	PyBDEI (subtrees)	0.2449888133261793	0.6874214155849718	0.1803969379619924		3.8106046773909408	5.54333134086061	4.081819028481904	0.015084600162150203	-0.005710161108385309	0.03568219662319762		-0.03996627330907238	-0.03445284348764354	-0.014860436420511818
24	PhyloDeep	0.2446879874108635	0.7019218677144297	0.1825952838901298		3.844140181280836	5.476592706532957	4.086837325286703	0.01383816058060005	0.01526336675208333	0.048303185457668235		-0.03151742660322155	-0.046077495640328946	-0.01364927965689831
25	PyBDEI	0.1207059493699942	0.2028927779334385	0.1754427638961763		1.1564613633965923	5.699864604229449	8.284595790177232	-0.012189974833955789	0.01448382166654692	0.00048402884560334744		0.013993019795725273	-0.00048379467502561544	0.012340404048750787
25	PyBDEI (subtrees)	0.1212094383227682	0.2034813696430337	0.1748388977442742		1.1638220800308008	5.719551043284638	8.250182608198406	-0.00806961922840058	0.017426838037229626	-0.0029595924649685953		0.02044694512692726	0.002968377653103519	0.00813526774139424
25	PhyloDeep	0.1243568352208228	0.1988353226717608	0.1744620569589014		1.139705252464157	5.731905363442856	8.041375435650806	0.017687439353234708	-0.005803853242503838	-0.005108573584567346		-0.0006988497834795827	0.005134805114336294	-0.017380031107071606
26	PyBDEI	0.0826805309566246	0.4558754171083719	0.2004587105672493		2.2741611767249	4.988558477555021	12.094745745217994	0.022694817240506107	-0.02870785212116064	-0.009302512507688739		-0.019587553070909435	0.009389861814664814	-0.02219119218941821
26	PyBDEI (subtrees)	0.0827558485972444	0.4572748784569779	0.199628528669759		2.290628907120973	5.009304064221589	12.08373809163378	0.02362643874580414	-0.025726147541030198	-0.013405397923233269		-0.012488158349804535	0.013587544362208074	-0.023081114214627167
26	PhyloDeep	0.0818039523467961	0.4699548265744823	0.2027468801797635		2.3179386344085864	4.932258385990255	12.22434822905186	0.011852211480683482	0.0012898607363262214	0.0020059703198190165		-0.0007146759647193082	-0.002001954458593481	-0.011713382000064927
27	PyBDEI	0.1023125013724826	0.2429001905919831	0.1209803937021628		2.007764920900904	8.265802163463471	9.773976655691015	0.00848990925636679	-0.005387841685005128	-0.004008716929013395		-0.0013846755282229167	0.0040248514190333535	-0.008418437486029969
27	PyBDEI (subtrees)	0.1008139397842374	0.2451087147574226	0.1208061991264896		2.0289415322204003	8.277720905306806	9.919263170750057	-0.006281347626919061	0.003655481753832536	-0.005442802846735623		0.009148075773429793	0.0054725890701050675	0.006321052354123359
27	PhyloDeep	0.0972536361926515	0.2675145430069718	0.1294509516330409		2.066532069731742	7.724933555025027	10.282391889379658	-0.04137510643291065	0.0954014336191117	0.06572656499337944		0.02784473015919987	-0.06167300989985958	0.04316089297342545
28	PyBDEI (subtrees)	0.1653569347262733	0.5822332830503995	0.1992223842636675		2.9225294396628807	5.019516274218043	6.047523810569957	0.028402144465982722	-0.0070728248573225724	0.017865978235944095		-0.024501067553596954	-0.017552387660021623	-0.02761774138533235
28	PyBDEI	0.1609953780382753	0.5874166233198279	0.2022267954141592		2.9047417881334785	4.944943116722027	6.211358438887967	0.0012763740314246056	0.0017667237589343535	0.033216100191471296		-0.0304383336909954	-0.032148260354552864	-0.001274746977486201
28	PhyloDeep	0.1670219179611248	0.5789183620095583	0.1996359784349686		2.899869885919089	5.00911713329143	5.987238155370451	0.03875715214712801	-0.012726014533561932	0.019979111442938124		-0.03206450564485891	-0.01958776529714853	-0.03731108090761786
29	PyBDEI (subtrees)	0.03006861242119	0.4243814188953943	0.1404098156958218		3.022448372233157	7.12200920601135	33.257271269866706	0.002152964624847861	0.03960040681412668	0.051198467248903555		-0.011033178601497108	-0.04870485340688851	-0.002148339326276972
29	PhyloDeep	0.0326282647939121	0.3815540365925172	0.1285900994377349		2.967211614742323	7.7766484696142095	30.6482740138416	0.08746329347543198	-0.06531314991213931	-0.03729155428017993		-0.029107042486790927	0.03873608302282731	-0.08042873171002267
29	PyBDEI	0.0301231904394165	0.4229828773057525	0.1413269429840939		2.992938702094183	7.075791628157897	33.19701483849093	0.003971988462824853	0.03617442174314392	0.05806467382375097		-0.02068895467561303	-0.054878189642141986	-0.00395627418739921
30	PhyloDeep	0.1915405556478497	1.2395305654938142	0.7034003845205599		1.7621977365546688	1.4216654156104898	5.2208264543124505	-0.004222601406074937	0.0019449686103315048	-0.021947243265597063		0.024428346744506647	0.02243973355678297	0.004240507378493542
30	PyBDEI	0.1898829623592789	1.2616239030556624	0.7219025702296811		1.7476373614437517	1.3852284799066987	5.2664019329332605	-0.012840065875868032	0.019803591080915423	0.0037793757932654765		0.01596388177928681	-0.003765145892023148	0.01300707760922292
30	PyBDEI (subtrees)	0.1892426788836217	1.271783337951109	0.7156243196843103		1.7771661791932143	1.3973812410974782	5.284220271553905	-0.016168759434243226	0.02801572796627061	-0.004950304184880296		0.03313003590654434	0.004974931609646987	0.016434484663187976
31	PyBDEI	0.1356542992437834	1.3949198918950734	0.2826596369869114		4.934980836898426	3.5378238317284225	7.371679375991664	-0.03811767289404898	0.03977745864887298	0.018400675624651714		0.02099054285397956	-0.018068208383076188	0.0396282079625421
31	PyBDEI (subtrees)	0.137776427148295	1.3897579771941433	0.2796622415941703		4.969415854181987	3.5757419174632163	7.258135667313062	-0.02307032578756468	0.03592975199512123	0.007601293280496654		0.028114750252447567	-0.007543949507794695	0.023615134637160758
31	PhyloDeep	0.1480867640192503	1.3186247089684238	0.2997640243190115		4.398875788927666	3.335957349357544	6.752797973693359	0.05003705730287773	-0.017093198850210028	0.08002645212688042		-0.08992340028879314	-0.07409675195388538	-0.04765265849893209
32	PhyloDeep	0.2362660153564247	1.0621593528494824	0.6040628529857682		1.758358997907966	1.6554568701869177	4.232517311012446	0.0016298442658429992	0.054394123029246774	0.043366340771425094		0.01056942497269758	-0.04156386791178411	-0.0016271921959731602
32	PyBDEI	0.2410449550051152	0.9968160003394728	0.5752863877599954		1.7327300307257332	1.7382646648284532	4.148603732356808	0.021889755827193012	-0.010471517593084475	-0.006337750573615987		-0.004160132904168183	0.006378173848583462	-0.021420858465768838
32	PyBDEI (subtrees)	0.2394523436670374	1.0044376120029983	0.5748320930484336		1.747358270614803	1.7396384302359107	4.1761963348770434	0.01513801438808516	-0.0029056259738339755	-0.007122430195100983		0.00424705356381024	0.00717352311272435	-0.014912272197007975
33	PhyloDeep	0.1677058911993678	1.4596959198103865	0.4569441656174901		3.194473263134525	2.1884511834146148	5.962819748599085	0.0009362206411599011	0.0617644888666786	0.05140786589982187		0.009850242995845606	-0.04889431358384008	-0.000935344951909535
33	PyBDEI	0.1744043792934487	1.367231286340326	0.442881545833979		3.0871263415722763	2.2579400957358144	5.733800974787584	0.04091549214408269	-0.005493124833671076	0.019050413571786114		-0.02408471463097862	-0.018694279809979286	-0.039307217975788684
33	PyBDEI (subtrees)	0.1739361734694462	1.3780887264481931	0.442424876340622		3.114853617288928	2.260270734031018	5.749235366360757	0.0381210514443095	0.0024044408100197217	0.01799963771433933		-0.015319452312708759	-0.017681379292779416	-0.03672120066467476
34	PyBDEI	0.1785939779638801	0.2723971750373501	0.2642072518023479		1.0309981016006668	3.784907466310178	5.599292940337809	-0.0002680283928429485	0.010064958802700434	-0.0057315360390294305		0.015887554935414088	0.005764575913627716	0.0002681002513224496
34	PyBDEI (subtrees)	0.1795658400142982	0.2752073059049342	0.260165917371387		1.0578146003347375	3.843701012429308	5.568987954058373	0.005172253384133697	0.02048509153207738	-0.020939942884841658		0.04231102486090522	0.021387802242225924	-0.005145638836249747
34	PhyloDeep	0.1806316952949005	0.2846916461380612	0.2678047669423665		1.0630566788952225	3.7340634799648913	5.536126970227419	0.011138689729148308	0.05565359034463176	0.007806683778716112		0.04747627430542174	-0.007746211554626563	-0.011015986078163233
35	PyBDEI	0.1016180785074896	0.1807771208137758	0.1209106677737773		1.495129620423634	8.270568829137474	9.840768637701569	-0.004439896241127322	0.008300137661153818	0.005404529105989543		0.002880043277444619	-0.005375477183095334	0.004459696832329269
35	PyBDEI (subtrees)	0.1015557209761465	0.1813395713794172	0.1198257910156379		1.513360102548803	8.34544876794925	9.846811094324078	-0.005050817755152167	0.011437254682438893	-0.0036165111896107674		0.015108405589922855	0.0036296378153840244	0.005076458019449906
35	PhyloDeep	0.1016088052729198	0.183377516674053	0.1219387066266957		1.5038499402445415	8.200841452758795	9.841666746440076	-0.0045307468309642674	0.022804072075464834	0.013952947023546075		0.008729325239303561	-0.013760941338062247	0.004551367926774822
36	PyBDEI	0.0553277047873029	0.4326692010898513	0.1133896436846843		3.815773531249683	8.819147565017625	18.07412766975085	0.05788615544881975	-0.0224143406046442	0.007119685929498112		-0.02932524003528441	-0.00706935434682482	-0.05471870025963514
36	PyBDEI (subtrees)	0.0551292173537665	0.4358576065307984	0.1130578405336362		3.855173639205719	8.845030077347763	18.139201824378485	0.05409100239166797	-0.015210362536510941	0.004172631203731188		-0.01930245172785464	-0.00415529269975232	-0.0513153060494202
36	PhyloDeep	0.0532516914564565	0.4563631461711248	0.1164050359728425		3.920475968733817	8.590693621135953	18.77874622663756	0.01819201361386697	0.031120463508080044	0.03390221064268161		-0.0026905321470132343	-0.03279053888627288	-0.017866977319236737
37	PyBDEI (subtrees)	0.2337327125043246	0.2705278590990119	0.1899180568383877		1.4244451717891136	5.265428767791983	4.278391284153249	0.03434366869040331	-0.003086513521720965	-0.038205601166866665		0.03651413200966075	0.039723251885452796	-0.03320334404317158
37	PhyloDeep	0.2469825302711845	0.2649616083617157	0.1904317772570732		1.391372869476668	5.251224424850327	4.048869362954576	0.09297844416368924	-0.023598524549388662	-0.03560398745259842		0.012448685754618345	0.03691843079955523	-0.08506887273045287
37	PyBDEI	0.2340775762733355	0.2678503677124673	0.1914863914181138		1.3987958398965878	5.22230322789092	4.272087980064722	0.03586980361698337	-0.012953250655802303	-0.03026314725075229		0.017850096699816617	0.03120758705308016	-0.0346277143051528
38	PhyloDeep	0.0515946343745395	0.6330056611150223	0.2003313125266556		3.159793909056509	4.991730885140297	19.38186038378964	0.029553330746541533	-0.01370214180050124	-0.039460008998672115		0.026816027900430316	0.041081068324429065	-0.028705002318931656
38	PyBDEI (subtrees)	0.0500295187104257	0.6532167055586808	0.2084270403993953		3.1340305188183053	4.797841959871255	19.98819948255086	-0.0016780184921132422	0.01778906131392569	-0.0006429599814551497		0.018443879972105493	0.0006433736449620714	0.0016808389709884416
38	PyBDEI	0.0503181132202697	0.6450182741767813	0.209218161483922		3.082993701894037	4.779699778008268	19.87355916193551	0.0040807865163331675	0.005014933356966082	0.003150273486783238		0.0018588041288185204	-0.0031403804295774924	-0.004064201378150244
39	PyBDEI	0.0249979788430628	0.1748109225090718	0.1115270294304441		1.567430993202378	8.966436254125002	40.00323411256532	0.006878551448503341	0.0012841623832418978	0.0038600147098609493		-0.0025659477306338866	-0.003845172288266383	-0.0068315602101283865
39	PyBDEI (subtrees)	0.0251258104722671	0.1760193598608059	0.1104404302404802		1.5937945866158785	9.054655055422495	39.79971118160587	0.012027404739826313	0.008205864781219518	-0.005920515484401748		0.014210513832809604	0.00595577675288823	-0.011884465463580598
39	PhyloDeep	0.0256016540664722	0.1686847617803092	0.1058074534530419		1.5942616165048586	9.451130023120786	39.05997625792446	0.03119362261116603	-0.03380533675034825	-0.04762215651025588		0.014507708105933347	0.05000342756374515	-0.030250015057481493
40	PyBDEI (subtrees)	0.1025267471716358	0.4933006036384117	0.1171953450291819		4.209216701530071	8.532762113981555	9.753552390830665	0.014980320527031795	0.00037141787857801153	-0.012527931201827389		0.01306300146403604	0.012686871454576615	-0.014759222641138235
40	PhyloDeep	0.1038127722068844	0.4964120051474159	0.1220271278803168		4.068046292413703	8.194899096377906	9.632726096622664	0.02771153592682665	0.006681073930476059	0.028184015222372873		-0.020913514481400396	-0.027411450484646882	-0.026964313387643497
40	PyBDEI	0.101550523731016	0.4932934502901305	0.1189810074247328		4.145984816964902	8.40470274747504	9.847315043384413	0.005316036737675325	0.00035691150029693437	0.0025178177523711705		-0.002155479148409479	-0.002511494267519431	-0.005287925929170105
41	PyBDEI	0.217674094816385	3.296360589620023	0.8228102147820314		4.006222249553931	1.2153470898084409	4.594023927576368	-0.001917708397092933	0.027178041144651367	0.04260100555319522		-0.014792777223882106	-0.04086031504505546	0.0019213930687145859
41	PyBDEI (subtrees)	0.2187621889125212	3.287889327761205	0.8155877772300071		4.031312655184599	1.2261095959484765	4.571173862224796	0.0030714358089150816	0.024538313503942324	0.033449295330102616		-0.008622563164372737	-0.03236665357579861	-0.003062030977323301
41	PhyloDeep	0.251306427117227	2.9740309759432626	0.7799949026442621		3.81288514304516	1.2820596604027774	3.979205830392589	0.15229373014404535	-0.07326300350986328	-0.01165122258636127		-0.06233809595508457	0.011788573884667346	-0.13216571969458482
42	PyBDEI	0.2627495691475396	2.7605534757253163	0.6583507212514447		4.193135036713926	1.5189472232963026	3.805905384524068	0.06545816473139275	-0.04662171101147614	0.033764730946536016		-0.0777608671988729	-0.032661910331976976	-0.06143663533508633
42	PhyloDeep	0.2794725195622533	2.7188432673624017	0.6590107936084401		4.125642999677238	1.5174258292864369	3.578169336886259	0.13327027995412005	-0.06102665097444578	0.03480119904857971		-0.09260508212701314	-0.03363080665211515	-0.11759796609112141
42	PyBDEI (subtrees)	0.2705549093608133	2.7166273879013234	0.6537037391651688		4.155747053505722	1.5297449595088424	3.696107390409225	0.09710907660812713	-0.061791921920212385	0.026467881363078778		-0.08598398925652516	-0.025785396546389103	-0.08851360241075946
43	PyBDEI (subtrees)	0.0267288957422821	0.4830820760944216	0.1024791276621781		4.713955779238276	9.758084624768612	37.41269409862336	0.06481821104797382	-0.053049673072861396	-0.03450029715540753		-0.019212202616741635	0.03573309971381798	-0.060872560569925474
43	PyBDEI	0.0265942680500633	0.4808341384236941	0.1041247912794091		4.617864127414388	9.603860787740674	37.602087717455305	0.059454951010292294	-0.05745614025006873	-0.01899579619345111		-0.0392050756840615	0.019363623641715032	-0.056118432363355536
43	PhyloDeep	0.0303962844236528	0.4335153253295602	0.1034220823133536		4.19170950374092	9.669114928184753	32.89875782389546	0.21091860713494368	-0.1502117355136283	-0.02561631798545318		-0.12787100177065092	0.026289764964547567	-0.1741806640778129
44	PhyloDeep	1.014689640610862	2.166760356071846	0.8554169057938829		2.532987530870635	1.1690206181650509	0.9855230210076664	-0.002451028482494986	0.04231475455361966	0.005918380108042196		0.0361822342302447	-0.0058835589696715155	0.0024570507839495608
44	PyBDEI	1.0605992219268765	2.1027637025071955	0.9129458722449292		2.303273136376104	1.0953551907091768	0.9428632223425728	0.04268302412990654	0.011529321330435957	0.07356895417288348		-0.057788214349254144	-0.06852746056685617	-0.04093576201216487
44	PyBDEI (subtrees)	1.0566953977081983	2.1285558835415808	0.9094134797336116		2.340580968917554	1.099609827966178	0.9463465083399044	0.03884514535548332	0.023936586752716198	0.06941507490205866		-0.04252650744941802	-0.064909385075216	-0.03739262346188344
45	PyBDEI	0.3403130046424646	0.526389414911785	0.1121157613107754		4.695052762944526	8.919352536242291	2.938471308349228	-0.056222774779213114	0.028668376522311346	0.046207024717853554		-0.016764032147721583	-0.044166234431770326	0.059572082560119304
45	PyBDEI (subtrees)	0.341819577114798	0.5264946411558865	0.1109066015268219		4.747189381946373	9.016595822370029	2.92551997296561	-0.05204465414281063	0.028874009285093146	0.03492376315686826		-0.00584560340301947	-0.03374525196941966	0.05490201027955506
45	PhyloDeep	0.3027373868604134	0.5960659862456196	0.1373192167353847		4.34073249481348	7.282301951423216	3.303192943463839	-0.1604298188901452	0.16483009156672973	0.28139279881521334		-0.09096563314251405	-0.2195991729276082	0.19108565608900946
46	PyBDEI	0.5356780061850975	0.5688116995479523	0.2586521712670668		2.199137539659916	3.86619603887828	1.866793089232156	0.05298590419426711	-0.025499547388653555	-0.007896988259730753		-0.017742672807781405	0.007959847078660428	-0.05031967093121824
46	PyBDEI (subtrees)	0.5325695113643402	0.5733423408773956	0.2586365847286945		2.216787472193163	3.8664290322615535	1.8776891629379853	0.046875514759335976	-0.01773755509898913	-0.007956772995292863		-0.0098592297567793	0.008020591017305288	-0.044776589096280746
46	PhyloDeep	0.5148656715162996	0.6018773410971123	0.2672796791460744		2.251863452620252	3.7413992833083176	1.9422541748704296	0.012074956224442514	0.03114922175788288	0.02519523945537522		0.005807656993872652	-0.02457604023674547	-0.011930891235060389
47	PyBDEI	0.2074348392203218	0.3989089237938939	0.1800605140835055		2.2154158885100954	5.553688464624933	4.820790971076342	-0.042480238116988665	0.03239898796120752	0.03582992617954946		-0.0033122601805841627	-0.034590549349834944	0.044364868285798206
47	PyBDEI (subtrees)	0.2068017469426562	0.4021075714233142	0.1795056331846541		2.2400833015066084	5.570855812482042	4.835549093679989	-0.045402593731112224	0.040677269991228567	0.03263787575460647		0.007785298627311231	-0.031606312842976575	0.0475620334111019
47	PhyloDeep	0.2081376732451048	0.4052835452548931	0.1810652897952758		2.2383282058816074	5.522869684911254	4.804512246191927	-0.039235954415258574	0.04889687094256603	0.04161007601777192		0.006995703183529525	-0.039947843224456527	0.04083828344281828
48	PyBDEI	0.0586225695112264	0.8784129272198321	0.2276325114205958		3.858908034436221	4.393045588080796	17.058276502337474	0.01639989141567543	-0.00417653723295745	0.04659594498122219		-0.04851201885278728	-0.0445214270174325	-0.016135274663237636
48	PyBDEI (subtrees)	0.0591072467828321	0.8802205789928479	0.2257395563912528		3.8992748681903375	4.429883782826238	16.918399256086683	0.024803240677555516	-0.00212727088873496	0.03789262292332152		-0.03855879975265371	-0.036509193809079785	-0.02420292958983816
48	PhyloDeep	0.0628441187033942	0.8413786951750881	0.222997257924573		3.773045027574632	4.484360073782797	15.912387994805147	0.08959323958004717	-0.04616084330691124	0.02528423742845585		-0.06968319430576704	-0.024660710177181883	-0.08222631742335229
49	PhyloDeep	0.0459389020511337	0.1651568676851486	0.1192905127833985		1.384492897478208	8.38289631477859	21.76804310401059	0.012572579916170624	-0.013465520674525007	-0.014678265620340964		0.0012308111183395223	0.014896926666883747	-0.012416472819373171
49	PyBDEI (subtrees)	0.0453949792222258	0.1686816292432481	0.1202032784716167		1.4033030661728447	8.319240645637857	22.02886788656993	0.0005835832803884199	0.007589000746256504	-0.007138958008926586		0.014833857037685118	0.007190289181464713	-0.0005832429095787396
49	PyBDEI	0.0452902278189791	0.1682336980366708	0.1207208705857492		1.3935759179037122	8.283571806166604	22.07981827772888	-0.0017253181930792644	0.0049133652377362546	-0.002863724818133922		0.0077994254641383515	0.0028719492905931185	0.0017283000606167249
50	PyBDEI (subtrees)	0.136177331231035	0.6599869852421265	0.5440757730186363		1.213042406906657	1.8379792844879104	7.343366116519238	-0.015121918128650567	0.018431143730560796	0.0007983091752787076		0.017618769330068926	-0.0007976723860939987	0.015354101595922693
50	PhyloDeep	0.1378579273847456	0.6336427655475697	0.5285553363315842		1.198820108307562	1.891949491874318	7.253844729647755	-0.002967308390714804	-0.022220830314614852	-0.027750704701749063		0.005687712414785453	0.028542787159579672	0.0029761395144677254
50	PyBDEI	0.1364305326671928	0.6554826922096931	0.5483478722579063		1.195377469982044	1.8236598527907968	7.329737562774081	-0.013290684232995268	0.011480533480215029	0.008656607425849639		0.0027996902350862756	-0.008582313705297261	0.013469705840025832
51	PhyloDeep	0.2251677744564432	1.4903405572755584	0.4790728909019497		3.110884764257265	2.0873650314825825	4.4411328504445535	-0.024534839381881262	0.05257556490869152	0.00045323498313361825		0.05209871696445321	-0.00045302965424584264	0.025151938144396885
51	PyBDEI (subtrees)	0.2351983453345059	1.4241681688053818	0.4773224388372242		2.9836606304843114	2.0950198830711546	4.251730591802297	0.01891930256307798	0.0058403144752731525	-0.003202253490740329		0.00907161758509186	0.003212540860926182	-0.018568008786846026
51	PyBDEI	0.2334971966266755	1.425195413564816	0.4824555002630391		2.954045321874839	2.072730022675233	4.282706663921276	0.011549636537267184	0.006565821627099921	0.0075171756532366974		-0.0009442558887593469	-0.007461089334147322	-0.011417765495724168
52	PyBDEI (subtrees)	0.1732101236895902	0.8601014733433765	0.2044575214103311		4.206748998082669	4.8909915032818665	5.7733345990335945	0.09661011340747656	-0.06712884878169702	-0.05167938610082066		-0.016291391808255277	0.05449568989999262	-0.08809887144600742
52	PyBDEI	0.1746972212828564	0.8542454459359855	0.205556210155644		4.155775421667697	4.86484937255272	5.724189501451062	0.10602507268157826	-0.07348033078516736	-0.046583417127646055		-0.028211082270553203	0.0488594576227151	-0.0958613645389782
52	PhyloDeep	0.1652717712184309	0.9483354319611266	0.2339797230899817		4.0530667334640125	4.2738746195345705	6.050640061685751	0.046351633024036255	0.028570225226780814	0.08525131826937807		-0.052228541065479216	-0.0785544480197698	-0.04429833295149199
53	PyBDEI (subtrees)	0.1338766151952639	0.5723974027221334	0.1271272242720027		4.502555656351198	7.866135721333688	7.469564408552336	-0.02680321376980479	0.020182645995411638	-0.013768261433006801		0.034424878150594966	0.01396047287325374	0.027541412126555153
53	PhyloDeep	0.1391079463477916	0.5787247330167775	0.1372279478299918		4.217251239038745	7.287145336013288	7.188661943867992	0.011225195134321624	0.03145983301858645	0.06459146216220123		-0.031121449233046147	-0.060672534449050984	-0.011100588858281513
53	PyBDEI	0.1346211952422787	0.5686557749259877	0.1284665518090828		4.426488972562138	7.784127353913287	7.428250790674476	-0.021390596280267533	0.013513950911805841	-0.0033779824587803534		0.01694918742840996	0.0033894319002847765	0.021858155254753132
54	PhyloDeep	0.0849823735033849	0.3012876958267814	0.1455528801058896		2.069953515228244	6.870355291303756	11.767146041880888	-0.04207536082902725	0.06078421357431365	0.012113627073080996		0.048088065607793835	-0.011968643390478238	0.04392345609299702
54	PyBDEI	0.0866897478665426	0.2917152381047837	0.1455630659162653		2.004047086179072	6.869874536547938	11.535389415822069	-0.022829770204373056	0.027081171009838492	0.012184454922564533		0.014717392679591601	-0.012037781121126447	0.023363145446159517
54	PyBDEI (subtrees)	0.0873492460859582	0.2941028548373214	0.1438801525543942		2.044082172668917	6.950228938782557	11.44829571872807	-0.01539588047143415	0.035487575164484086	0.00048218186899143175		0.034988522464337375	-0.0004819494816899994	0.015636620003992893
55	PhyloDeep	0.2564656270672342	2.29627626130438	0.5339766668141036		4.300330714832144	1.8727410056442333	3.8991579941347982	-0.013223679463988742	0.02393479604938124	0.056096620707409325		-0.03045348695130298	-0.05311693987793825	0.013400888518287263
55	PyBDEI (subtrees)	0.2597806116191415	2.2807824713197284	0.5389949305050499		4.231547167210991	1.8553050194052445	3.84940197718095	-0.0004689555808257621	0.01702594498676803	0.06602171978982314		-0.045961328829880806	-0.06193280921409368	0.0004691756033430375
55	PyBDEI	0.2558664447553052	2.295015637830012	0.5444156813577365		4.215557553570823	1.8368317339905904	3.908288955030183	-0.015529091397185429	0.02337267020160159	0.0767428561484128		-0.0495663246262158	-0.07127315097583053	0.01577404803075838
56	PhyloDeep	0.0513252327715397	0.1912750119112915	0.1226390126958671		1.559658771761601	8.154012153374904	19.483594053069883	-0.013220976057588395	0.04830295599369323	0.038834124713369854		0.00911486353313221	-0.037382411483724974	0.013398112177907642
56	PyBDEI	0.051212834538065	0.1833962930741666	0.1183407650594876		1.5497305005758315	8.450173526403342	19.52635523926584	-0.015381944710467358	0.005122803166246663	0.0024251042639570728		0.0026911725283159486	-0.002419237361117537	0.01562224522273686
56	PyBDEI (subtrees)	0.0513346560681805	0.1830985881459397	0.1175281337507716		1.557912835868013	8.508601030971741	19.48001752796085	-0.013039803738255275	0.003491199784520668	-0.004458424196910144		0.007985225504035787	0.004478390762649429	0.013212086756531172
57	PyBDEI (subtrees)	0.1273188010885392	0.7898656603641728	0.1941718902973363		4.0678682128224	5.150076040711635	7.854299533535401	0.03686577687240687	0.0121249140033141	0.008402180375120577		0.0036917151714293012	-0.00833217196336805	-0.035555013671690845
57	PyBDEI	0.1278745552935939	0.7837928727408877	0.1957942064852934		4.003146399532308	5.107403420923551	7.820164048305369	0.04139175819368407	0.004343312701462353	0.016827432756856362		-0.012277520898061382	-0.01654895630739792	-0.03974657747001848
57	PhyloDeep	0.126427698658141	0.8108857240425714	0.2030340678733178		3.993840701396575	4.92528180356385	7.909659122278164	0.029608768434782547	0.039059785602915495	0.05442655175455409		-0.014573576628991936	-0.05161720526099146	-0.02875730019257142
58	PhyloDeep	0.6249388153059713	0.42413560465691	0.2327509984155479		1.8222719023514933	4.2964369940730585	1.6001566481518643	-0.3159881336959811	0.2074153730208612	0.20661012746499186		0.0006673618408628261	-0.1712318857285462	0.4619629413790545
58	PyBDEI	0.9295343112959512	0.3516954527253074	0.194616707621457		1.807118499863739	5.138304990469107	1.0758075176437607	0.01739959735397359	0.0011951167965907525	0.008917220499694092		-0.0076538526116930695	-0.00883840648024412	-0.01710202893654174
58	PyBDEI (subtrees)	0.9401560424501624	0.3526585793862233	0.1934852931717061		1.8226634882955204	5.168351473166296	1.0636532180273786	0.02902535970418762	0.003936914287270197	0.003051827256601248		0.0008823941162537386	-0.0030425419441667857	-0.028206651498396046
59	PhyloDeep	0.1830732636896902	1.779614249280864	0.5056086334644244		3.519746561855497	1.9778143287388343	5.462294055646505	-0.03800655654254993	0.04794141710289752	-0.005681086481884028		0.0539288782057393	0.005713545628718726	0.039508124302752544
59	PyBDEI	0.1878106206271823	1.7556302819714356	0.524945440671075		3.3444052390036743	1.904959873013906	5.324512515109955	-0.013113209358278956	0.03381824816325318	0.032346256921813775		0.0014258696939808393	-0.031332759435058324	0.013287450478237785
59	PyBDEI (subtrees)	0.1881528578686112	1.766610227987077	0.5219986227634092		3.38431971072034	1.9157138666498743	5.314827589269512	-0.01131485838268477	0.04028388541694132	0.02655110908145938		0.013377586575080327	-0.02586438107812985	0.01144434957743521
60	PhyloDeep	0.1264234099714443	0.2678907246948446	0.156005578705183		1.717186827024311	6.410027181718834	7.909927443231229	0.027811894446430892	-0.03424695659713246	-0.043455901024313376		0.009627307760345101	0.045430107269333234	-0.02705932340023193
60	PyBDEI (subtrees)	0.1245125905551415	0.2710005414779872	0.1579421961023617		1.715821029247642	6.331430261688295	8.031316315414227	0.012277090214692345	-0.023035986056191317	-0.03158158243506794		0.00882428114116648	0.03261150538057611	-0.012128191315768413
60	PyBDEI	0.1242678370753657	0.2693038938290397	0.1596247885931059		1.68710571962299	6.264691147369757	8.047134508292128	0.010287264613741298	-0.02915244504304068	-0.021264810872406673		-0.008059007439658187	0.021726827755483673	-0.010182514393740388
61	PyBDEI (subtrees)	0.0676418466905371	0.8980796161631099	0.21060814420762		4.264220738196014	4.748154463647845	14.783747767488087	-0.03437734238884025	0.023094301609760143	0.0017556790545189464		0.02130122444165346	-0.001752602047812741	0.035601217637006584
61	PhyloDeep	0.071184245101898	0.8623766536655472	0.2093125339050987		4.120043064676406	4.777544762099126	14.04805232630522	0.016192243387628348	-0.01757859289139875	-0.004406879298935674		-0.013230016679090807	0.004426385847094388	-0.01593423241812008
61	PyBDEI	0.0675629183015515	0.8935595281433891	0.2122868094936486		4.209208901272425	4.710608268055953	14.801018445306486	-0.035504086327129335	0.017945007257096638	0.009740234874226757		0.00812562686866875	-0.009646277862186952	0.03681102825197685
62	PyBDEI (subtrees)	0.1644963739045931	1.2574781738969787	0.3966349097023525		3.1703668616578167	2.5212102503797054	6.079161359386523	-0.025946213169786833	0.03253878103711552	0.01419090738593348		0.018091143903541336	-0.013992343337518589	0.026637351571951223
62	PhyloDeep	0.1574237209024198	1.324888220976404	0.4004407321435531		3.3085750639908618	2.497248455837685	6.352282834299522	-0.06782643384686171	0.0878904279172678	0.023922351645057103		0.06247356175928566	-0.02336344314256152	0.07276159323715387
62	PyBDEI	0.1634931811635661	1.260481995800255	0.4010352291821962		3.143070493758541	2.493546519689135	6.116463040740236	-0.031886548905604835	0.03500527522432653	0.02544247374301407		0.00932553675722713	-0.024811215055433895	0.03293678945330081
63	PhyloDeep	0.0273447335115938	0.4033222381718328	0.0995782789326818		4.050303364295861	10.042350708592108	36.57011320209103	0.26900048509581764	-0.1898574161161881	-0.05095651994066652		-0.14635883296604912	0.05369250304262196	-0.21197823661628382
63	PyBDEI	0.0209305868288958	0.5053070395078619	0.1055813257375434		4.785950886466099	9.471371883374754	47.77696909192455	-0.028663971877896523	0.01499672444832795	0.006256282808177773		0.008686098948627386	-0.006217385088735318	0.02950984113428866
63	PyBDEI (subtrees)	0.0213964739627087	0.4959933301673906	0.1044467498317874		4.748767491244991	9.574256753901006	46.73667267526741	-0.007043318725149413	-0.003711474199071073	-0.004556937479733421		0.0008493336409627184	0.004577798220016152	0.007093278949596031
64	PyBDEI	0.0376942307569733	0.194138762386442	0.183843087750819		1.056002511498163	5.439421259913782	26.529258719917014	-0.0004459914739142711	-0.02043328730598725	-0.006691741480702613		-0.0138341201811496	0.0067368225556462555	0.00044619047105798354
64	PyBDEI (subtrees)	0.0374991969073829	0.1970552671475922	0.1818959511980276		1.0833405903194675	5.497648482078163	26.6672377669805	-0.005617787322813212	-0.00571746782554	-0.017212163227393436		0.011696009018183927	0.017513610347393696	0.005649525153600609
64	PhyloDeep	0.038284604446463	0.1811773383730439	0.1670865932149051		1.084331991496262	5.984920637611	26.120160165123146	0.015209199678874956	-0.08583279514545988	-0.09722745109039185		0.012621845844442847	0.10769872345789118	-0.014981345405150653
65	PhyloDeep	0.5295275449885979	1.9290528219341856	0.4829887132678368		3.993991513554164	2.070441756773433	1.8884758865972355	-0.025440014709757236	0.029686585800652757	0.0713936496677906		-0.0389278617435059	-0.06663624494127603	0.026104103486437297
65	PyBDEI (subtrees)	0.5766459845866679	1.824628020118076	0.484553605070071		3.7655854812063936	2.063755154304116	1.734166241904531	0.061278317955228326	-0.026053110091722426	0.07486498366229977		-0.09388908866504544	-0.06965059314446939	-0.05774010164769359
65	PyBDEI	0.5783342393774284	1.8145853218197583	0.4873026551782239		3.7237337054034727	2.0521127668271464	1.7291039193468658	0.06438543783902054	-0.0314136847765838	0.08096308647005686		-0.10395986010365359	-0.07489902984055284	-0.060490716567618175
66	PhyloDeep	0.0497658689723695	0.5177660906560194	0.1690515776843104		3.062769941271439	5.91535443619116	20.09409301292837	-0.029800498955385456	0.060672421677491185	0.03952269219802426		0.020345615962213168	-0.03802003794112018	0.030715846507133843
66	PyBDEI (subtrees)	0.0522786406962156	0.4893458065876348	0.1651309966004235		2.9633794784859893	6.0557982485853605	19.128270870906345	0.01918668690221588	0.0024519007287710443	0.015414469967093785		-0.012765791331241552	-0.015180471051977116	-0.018825488155200742
66	PyBDEI	0.0524460690778808	0.4837227786086303	0.1659402046330555		2.9150426786461363	6.026267125627	19.067205942833	0.0224507499178234	-0.009067182523850423	0.020390407631519194		-0.028868940686874445	-0.01998294719258374	-0.021957781261962055
67	PyBDEI	0.0861977491998746	0.4531905633562277	0.357049305391186		1.2692660551732726	2.8007336379058128	11.601230998285216	-0.0030806858227025767	-0.002172885662525765	0.010425161613761778		-0.012468065676597825	-0.01031759897696097	0.003090205775825146
67	PyBDEI (subtrees)	0.0863466091840186	0.457522905490358	0.3540442606648885		1.292276012697222	2.8245056087677254	11.581230686995918	-0.0013590469785470113	0.007365990032517971	0.0019210901665449999		0.0054344597787315185	-0.001917406655473736	0.0013608965008242606
67	PhyloDeep	0.0876706038488461	0.4403376160933583	0.3486156270917274		1.2631034924246158	2.86848873741647	11.406331838709717	0.013953601733122132	-0.030472281799686016	-0.013441572280014108		-0.017262747994592684	0.013624709801606669	-0.013761578152364872
68	PyBDEI	0.0725385252656833	0.9921670614171756	0.248226552965726		3.997022274865854	4.02857787796004	13.78577792059252	0.003782456411118197	-0.0033346498849365423	-0.01007706697433054		0.006811052521821924	0.01017964796868595	-0.0037682033462133795
68	PyBDEI (subtrees)	0.072964406171662	0.9892054288198784	0.2444985281955168		4.045854329351405	4.090004170496828	13.705312665018043	0.009675763179847464	-0.006309709937102777	-0.02494436126990656		0.019111372308018452	0.02558250040212454	-0.009583039954702884
68	PhyloDeep	0.0795298574004516	0.957834524116104	0.2522259508796101		3.7975256740068266	3.964699098219714	12.57389404038239	0.1005279653406152	-0.037822844101578976	0.005872458432790355		-0.04344020175524965	-0.005838173998659864	-0.09134521657475737
69	PyBDEI (subtrees)	0.0810403229859291	1.1707657456940057	0.308297373660863		3.797520983691172	3.2436215337339585	12.339536210555671	0.024635349830140766	0.006017218432002276	-0.015915894108250395		0.022287843497255978	0.01617330674579653	-0.024043041101622593
69	PhyloDeep	0.087030968299368	1.0990097492345792	0.3023000565110733		3.635493032712425	3.3079715946509256	11.490162864329074	0.10037822362778757	-0.05564137401437774	-0.035059308841300735		-0.02132987587906775	0.0363331230225161	-0.09122156497868163
69	PyBDEI	0.0809516291129957	1.1662925739277406	0.3121166723662841		3.73671987813275	3.203930095815104	12.35305590458417	0.023513946630196823	0.002173505174745092	-0.003724706401953861		0.005920262817516638	0.0037386317074090377	-0.022973743257348394
70	PhyloDeep	0.2716464582587973	1.4683699058173232	0.3932469937650538		3.733963460874169	2.5429310734857187	3.6812554318205057	-0.0024118949237556964	0.052780906132098813	0.01688378777368072		0.03530110204334116	-0.01660345850399028	0.0024177262253654986
70	PyBDEI	0.2797617729467626	1.390171937137124	0.3845008290197388		3.6155239006409454	2.600774626544859	3.5744697692857965	0.02739059708573663	-0.0032848903669146696	-0.00573261686696648		0.002461839281439844	0.005765669239699234	-0.02666035406926258
70	PyBDEI (subtrees)	0.2819139622897118	1.3893912113729194	0.3809443136236137		3.647229166270445	2.625055590114504	3.5471815297049374	0.035294246933262094	-0.003844649303830774	-0.014929286910546883		0.011252631368921314	0.015155548441516948	-0.03409102971238421
71	PyBDEI	0.1327822929002697	0.452993500333182	0.1267916818460863		3.57273831956165	7.886952719926134	7.531124656441057	0.01610790171285645	-0.009293881466867028	0.043715073186828254		-0.05078872195631013	-0.041884106409761264	-0.015852550389288338
71	PyBDEI (subtrees)	0.1323621260291688	0.4561375726611623	0.1264609076361338		3.6069452701826856	7.90758202429878	7.555031261583305	0.012892601928236522	-0.0024177305063128656	0.0409922287247761		-0.04170056032432287	-0.039378035295222054	-0.01272849846439142
71	PhyloDeep	0.1360675541544121	0.4526744236203268	0.1272799918637636		3.556524611541888	7.856694405436222	7.349290624164379	0.04124815081242908	-0.009991708812015635	0.047734710109513745		-0.05509640786406331	-0.0455599205112952	-0.03961414076005391
72	PyBDEI	0.0681515286898304	0.2399067072129266	0.2192044193611102		1.0944428397573138	4.561951820654822	14.673185168760853	0.0015659113738001414	0.0021685710660547352	0.011911788063362343		-0.009628524059349762	-0.01177156764440874	-0.0015634631291045092
72	PyBDEI (subtrees)	0.0679858828029015	0.2410380730508357	0.216246561630679		1.1146446502233749	4.624350983706597	14.7089360139532	-0.000868447427780475	0.00689465521060515	-0.0017425493517376227		0.008652281590018525	0.0017455911304301085	0.0008692022842680498
72	PhyloDeep	0.0671454395744549	0.2386571833105458	0.2160813243986502		1.1044785289738657	4.627887221549474	14.89304420877518	-0.013219737328966075	-0.0030510978557083566	-0.0025053328001930137		-0.0005471358128132438	0.002511625257331872	0.013396840035269905
73	PyBDEI	0.0444377423334077	0.3261843551550357	0.1353090453556879		2.410661861500776	7.390488916474815	22.50339345543694	-0.02347827869245611	0.02510569904645942	-0.017729453489411837		0.04360830393218875	0.018049460560935437	0.02404276134382244
73	PhyloDeep	0.0445020610120082	0.3257130209935169	0.1336018509846396		2.437937937184452	7.48492623889598	22.470869376817515	-0.022064872352684187	0.02362442832488068	-0.030122762033133278		0.055416488039953055	0.0310583245527842	0.02256271579666733
73	PyBDEI (subtrees)	0.0448997911793133	0.3264575853234925	0.1342989822863882		2.430826948690737	7.446072806922186	22.271818503706736	-0.01332473104040323	0.025964384628431553	-0.025061965521280087		0.05233804441427282	0.02570621376432377	0.01350467723230974
74	PyBDEI	0.1544497724393214	1.150684394546092	0.3287596897211857		3.500077505006662	3.041735441617186	6.474596784484542	-0.018127874224388035	0.018245591767262592	0.01890804664738859		-0.0006501615943713463	-0.01855716687055691	0.018462561211897002
74	PyBDEI (subtrees)	0.1541882459626608	1.156678747019533	0.3261959101479169		3.545963364454892	3.065642360587966	6.485578675317223	-0.019790457169832108	0.023550020167013457	0.010962256093658605		0.012451270062241313	-0.010843388096422676	0.020190027035128465
74	PhyloDeep	0.1497281906576274	1.2138486373127133	0.3366833323753543		3.605312531359419	2.970150001025716	6.678769012086891	-0.048144037199549544	0.07413990306519253	0.043465385979159506		0.02939677491769309	-0.04165484218565885	0.05057912024620321
75	PyBDEI (subtrees)	0.059065025057412	0.4964082488963752	0.1232354226259098		4.028129561443213	8.114550010799842	16.93049311378409	0.021933856424386177	-0.023644578676461123	-0.03439940256074076		0.01113796316282376	0.035624877047473254	-0.021463088130900424
75	PyBDEI	0.0592851817648371	0.4931387168547134	0.1250688329555382		3.942938501952949	7.99559711535406	16.867621389213873	0.025742973457993503	-0.03007522389874448	-0.020033872975838068		-0.0102466306191612	0.020443434138559962	-0.025096904511283182
75	PhyloDeep	0.0577706638717826	0.5151881525666879	0.127674988131078		4.035153322573783	7.832387648028178	17.309823584846114	-0.00046097904297479915	0.013292480289034151	0.0003864326546273582		0.012901062242676243	-0.00038628338211484184	0.00046119164265656795
76	PhyloDeep	0.1716959829237389	1.3107427233807298	0.4364325755139392		3.0033109280103814	2.2913046736312213	5.824248086480645	-0.005576265448064175	0.0037338974884308547	-0.014591586872289201		0.018596841793296955	0.014807654042626834	0.005607534549219541
76	PyBDEI (subtrees)	0.1749065664362706	1.3130097273139891	0.4445640414638765		2.953477125568823	2.249394702970496	5.717338235922447	0.013018697533921946	0.0054699122325623005	0.0037682134902156062		0.0016953104506363303	-0.0037540673629355456	-0.012851389185229161
76	PyBDEI	0.1755825831575153	1.3032110357283828	0.4511233999561283		2.888812763547889	2.216688383039429	5.695325709514701	0.016934031259920074	-0.0020336799828040357	0.018578398168511204		-0.020236123393523358	-0.018239536791588115	-0.01665204500919302
77	PhyloDeep	0.3015391169720183	3.30329123273208	0.8832817016990863		3.739793574776708	1.1321416464038525	3.3163193221554605	-0.006328267764091523	0.021969436862735708	-0.004669586852471286		0.026764000540249192	0.004691494192068827	0.006368569778926703
77	PyBDEI	0.3158877076564976	3.2273643599636026	0.942575593461321		3.4239846462734014	1.0609228659611325	3.165681904556474	0.0409551132571298	-0.0015207545672740466	0.06214603229972498		-0.059941651082713834	-0.05850987567610509	-0.039343784122431606
77	PyBDEI (subtrees)	0.3138288874913846	3.2633146293862434	0.9384838674051682		3.477219739971709	1.0655484177526875	3.18644981344317	0.03417061570877394	0.009601509262467941	0.057535250282931265		-0.045325903800974364	-0.0544050425435357	-0.0330415650858103
78	PhyloDeep	0.0292588687994743	0.4318025000161067	0.1035080575645583		4.171680062170907	9.661083625072338	34.17767128502129	0.17115518070228852	-0.12097044994264236	0.008092905835685145		-0.12802724335346613	-0.008027936501524228	-0.14614218809129662
78	PyBDEI	0.0249589891795386	0.4935840795818095	0.1038379883651903		4.753405640389638	9.63038687231763	40.06572513039913	-0.0009576349980355368	0.004799628010697009	0.011306190939855515		-0.006433820921349445	-0.011179790098336797	0.000958552941879888
78	PyBDEI (subtrees)	0.025646276236046	0.4890201525450161	0.1039677976902448		4.703573254499167	9.61836282210514	38.99201547998976	0.026552649229792558	-0.004491255505488025	0.012570438987570525		-0.016849884053615524	-0.012414384721856821	-0.025865842584611068
79	PyBDEI (subtrees)	0.134486525091373	0.2268554700161433	0.2014858596897695		1.1259126092790617	4.963127444971639	7.435689183883506	0.0019147682337104226	0.013043619947023107	-0.0004605804329090228		0.013510423016413826	0.0004607926649940812	-0.0019111089030917478
79	PyBDEI	0.1343181428250083	0.2257672530004965	0.2023898206826294		1.1155069570150251	4.940959958495716	7.445010621557022	0.000660332673978258	0.008184088436760861	0.004023826797978854		0.00414358855611028	-0.004007700505287453	-0.0006598969224788831
79	PhyloDeep	0.1361212981524588	0.231067315033263	0.2082411973982845		1.109613841642108	4.802123751177767	7.34638894554163	0.014093707882122601	0.03185199482330504	0.03305157939083869		-0.001161204911221271	-0.03199412309144178	-0.013897835843550255
80	PyBDEI	0.0476066353535588	0.8828397253543455	0.203402224170133		4.340364167384455	4.91636708536463	21.005475236242333	0.02310171569696626	-0.014889702802916389	-0.02064715210169483		0.005878830404316447	0.021082444540804355	-0.022580077173686094
80	PyBDEI (subtrees)	0.0472543989229697	0.8978915570169793	0.2029056359778349		4.425168146216813	4.928399327997169	21.16205100037602	0.01553189494004211	0.0019057742657964526	-0.023038153784906715		0.025532141451930463	0.023581426310720206	-0.015294344783686721
80	PhyloDeep	0.0537976324346766	0.797628743200235	0.2018486486846513		3.951617949379352	4.954207058191916	18.5881786008751	0.1561508103982794	-0.1099717585187478	-0.02812739762181692		-0.0842130549792811	0.028941445157512253	-0.13506093581726394
81	PhyloDeep	0.0346463345118747	0.3949342602136607	0.1169822453826877		3.376018804577563	8.548305742710511	28.86308217272621	0.04495368046013989	-0.039240304366074584	-0.007618542220258926		-0.03186452336238085	0.007677029997419864	-0.04301978288678339
81	PyBDEI (subtrees)	0.0347655407730482	0.3959357403651322	0.118601786846251		3.338362354341272	8.431576172594653	28.76411463086588	0.048549010907129715	-0.03680399568778814	0.0061203197180462465		-0.04266320296350179	-0.006083089266859792	-0.0463011365249667
81	PyBDEI	0.0345042781234576	0.3955758183895619	0.1193602716556642		3.3141330268645524	8.377997018009841	28.981913385405747	0.040669176832246655	-0.03767958072189934	0.012554682970409046		-0.04961140819075853	-0.012399017239819293	-0.03907983222491857
82	PhyloDeep	0.044788436533552	0.6617022756537293	0.1599010666785441		4.138198008297076	6.253866973947973	22.327191511828644	0.16399424375510943	-0.09547015852599203	0.0005101952434864107		-0.0959314100203853	-0.0005099350770359487	-0.14088922229207662
82	PyBDEI (subtrees)	0.0392192070101785	0.7431203352088095	0.1580517120586942		4.70175441650922	6.327043136544062	25.49771084714869	0.019257083695915507	0.015826216312254265	-0.011061323259890374		0.02718827790290788	0.011185044654489525	-0.018893254708703476
82	PyBDEI	0.0389407533924807	0.7391481731831567	0.1596111783536737		4.630929868491531	6.2652253452083055	25.68003731004072	0.012020429924573844	0.010396373889809643	-0.0013036527222558053		0.01171529929388165	0.001305354451139269	-0.011877655400168705
83	PyBDEI (subtrees)	0.0647571480869545	0.8158438651745716	0.2101110231372473		3.882917959243154	4.759388560717191	15.442310687574146	0.007057395195490688	0.005930718980850332	0.012943399358731077		-0.006923072288461981	-0.01277800849181234	-0.007007937411672169
83	PyBDEI	0.0640121062523487	0.8145473986339667	0.212040202908161		3.8414762269717495	4.716086790546604	15.62204493096661	-0.0045289688034658914	0.004332183311226544	0.022243958110695947		-0.017522015813694853	-0.021759931114493793	0.004549573680734919
83	PhyloDeep	0.066829477451763	0.8001554727701273	0.2107684997244193		3.796371250050808	4.744542003703134	14.96345681771628	0.03928479670657726	-0.013412977190327607	0.016113088217814625		-0.029057853648877714	-0.015857573733329206	-0.037799837764459485
84	PhyloDeep	0.057499095233103	0.4582481864013171	0.1317804077799426		3.477362030678613	7.588381435804015	17.391578005635925	-0.04897285889417299	0.051235765770536304	0.037757858093635056		0.012987526494532864	-0.03638407341284498	0.05149470165197223
84	PyBDEI (subtrees)	0.0589664557709336	0.4433031283077832	0.1287027545976359		3.4443950301894	7.769841470186904	16.958794401425255	-0.02470291705235533	0.016951332016809786	0.013521639461203508		0.003383936190478537	-0.013341243970273907	0.025328607543554166
84	PyBDEI	0.0590878620908226	0.4404219492575018	0.1300137900375793		3.387501811386329	7.691491800300253	16.923949600053607	-0.022694873189262717	0.01034181657272228	0.023845915679201298		-0.013189581459160028	-0.02329053162592584	0.02322189106213254
85	PyBDEI (subtrees)	0.2076048445242589	0.5668941113237146	0.1484523126038625		3.818695050150162	6.736169901700683	4.81684327883374	-0.010113683612912629	0.0015683049214915666	0.016360898007985365		-0.014554468905176294	-0.01609752799429064	0.010217015272850358
85	PhyloDeep	0.2002441815563472	0.5941863114901498	0.153192268447541		3.8786964741214858	6.527744579632218	4.99390290508195	-0.04521026128753206	0.049787191151314095	0.04881243542966606		0.0009293899354351219	-0.046540671888267396	0.04735101295547821
85	PyBDEI	0.2073242996152147	0.5627917580752758	0.1504750019745678		3.74010135032525	6.645622109172743	4.823361284017157	-0.011451357438546585	-0.005679586540343971	0.03020899743562459		-0.0348362167922254	-0.029323173754859672	0.011584010078527078
86	PhyloDeep	0.0760208459518754	0.3667392144301243	0.2517672064360465		1.456659982138233	3.971923167261334	13.154286662806207	-0.003901469557548475	0.010512486119390903	0.010317080731790839		0.00019340996141371076	-0.010211725535035113	0.003916750640938387
86	PyBDEI	0.0767069642018195	0.3668773717190138	0.2557588897964489		1.434465765827342	3.9099325180675866	13.036625949228736	0.005088714278497053	0.01089316443242099	0.02633531415057343		-0.01504591092720292	-0.02565956153654284	-0.005062950370654938
86	PyBDEI (subtrees)	0.076749309938817	0.3692724723089718	0.2558200373579976		1.4434853349356975	3.90899794374038	13.02943310887329	0.005643569014268058	0.017492619730446204	0.026580693311554125		-0.008852761054556414	-0.025892453934439588	-0.005611897881274069
87	PyBDEI	0.0379545805582893	0.1336557027341739	0.109295326348703		1.222885801244144	9.14952206473618	26.347281020909577	-0.02258061044352349	0.028393223531200613	0.018584931024871975		0.009629332034648516	-0.018245833468371376	0.023102273890605943
87	PyBDEI (subtrees)	0.0378568274482012	0.1345930057620563	0.109264175352129		1.2318127632254523	9.152130575069728	26.415314420319017	-0.025097982096276162	0.03560515734734797	0.01829461727810253		0.01699953999120299	-0.017965937330596923	0.02574410723883898
87	PhyloDeep	0.0380576102541735	0.1379734282888809	0.1132165957226857		1.2186678764554526	8.83262735128879	26.275953569374124	-0.019927354341729143	0.06161529794099564	0.055129457019377326		0.006146962231477825	-0.052248998123048014	0.020332527828428617
88	PyBDEI (subtrees)	0.4993495320874507	1.9599479490654248	0.4779172287616783		4.101019655942947	2.092412534679027	2.002605260927471	0.008392285970868378	0.0033531297171284424	0.04833436591347723		-0.04290733725699618	-0.04610586801793983	-0.00832244166047788
88	PyBDEI	0.4978860958433556	1.9563178844759688	0.4828236432707216		4.051827021608906	2.071149609049479	2.008491517133306	0.005437005701781722	0.0014947963523863936	0.0590968214888369		-0.054387874618937855	-0.055799262437366944	-0.005407604525145512
88	PhyloDeep	0.4854434354748568	2.0434348264011315	0.4877053627724886		4.189896159403891	2.0504182982841086	2.059972237593054	-0.019689848187714368	0.0460924380263284	0.06980510738117163		-0.022165410495086	-0.06525030297532512	0.020085325191536663
89	PyBDEI	0.0572357666101494	0.9362015794420734	0.194824742292423		4.805352587285229	5.132818287007127	17.471592663575375	-0.005906480160965341	0.0013526944279448707	-0.012089663465840375		0.013606860255095488	0.012237612077482128	0.005941573949622347
89	PyBDEI (subtrees)	0.0586096183361459	0.92808309439632	0.1931780197468682		4.804289305856009	5.176572372521235	17.062045930151992	0.017955122101397197	-0.007330763337724448	-0.020439805265158876		0.013382579241067182	0.02086630854849236	-0.01763842207928788
89	PhyloDeep	0.0632964567499747	0.8696749560252778	0.2007029007657107		4.33314592219316	4.982489023252055	15.798672648455932	0.09935799257319194	-0.06980357690552315	0.01771709232511867		-0.08599705152901431	-0.017408661462726863	-0.09037819640591542
90	PyBDEI	0.2887311785266731	1.4339715982869914	0.3545938390455003		4.043983398434029	2.8201279601806144	3.463429218495776	0.03512868823346875	-0.012443093398274221	0.015212954558929924		-0.027241622393618586	-0.014984988608168008	-0.033936542028816574
90	PyBDEI (subtrees)	0.2888151515692335	1.440330065787487	0.3534295370199076		4.075296246975412	2.829418300552716	3.4624222260039024	0.0354297395637616	-0.008064102557020319	0.01187952241983052		-0.01970948569959908	-0.01174005615947387	-0.03421742510379183
90	PhyloDeep	0.285885378285796	1.47148253633703	0.3618516279109579		4.0665356263068215	2.763563634557072	3.4979053703135268	0.024926224179031772	0.013390183905598327	0.03599222499831461		-0.021816805712758222	-0.034741790652312254	-0.02432001795933915
91	PyBDEI	0.0248615004956777	0.146518804562801	0.1144971252444958		1.2796723433005543	8.733843735068556	40.22283370120211	0.0007277819861748238	-0.05984310385874515	-0.046736329703798436		-0.013749369207445091	0.04902770467406542	-0.000727252704758867
91	PhyloDeep	0.025522293501305	0.1363043432471424	0.1085246692365765		1.2559756616259123	9.214494796755076	39.18143171376294	0.027326092855961315	-0.12538551853336372	-0.09646094351077654		-0.0320125342837704	0.10675901923441296	-0.02659923956569366
91	PyBDEI (subtrees)	0.0249316368173056	0.1463983627893841	0.1134715159717474		1.2901772002925815	8.812784348884378	40.10968101804996	0.0035509167197987903	-0.06061593410534233	-0.05527519963212409		-0.005653217181489286	0.05850931362297158	-0.0035383523253681138
92	PhyloDeep	0.0367965804245722	0.4360466745259703	0.1324648907697379		3.29179054157033	7.549170155118969	27.176438366327464	0.10899008336495698	-0.10551297645963899	-0.08425384071453308		-0.023215096814268008	0.0920056719432749	-0.09827868165805
92	PyBDEI (subtrees)	0.0331949243953831	0.4953791141111849	0.148119214541666		3.344462199884503	6.751318544959605	30.125087440749912	0.0004419309557985978	0.0161989878424899	0.023966434009230316		-0.007585645299258152	-0.02340548792736524	-0.0004417357391028321
92	PyBDEI	0.0332650297718886	0.49925172636351	0.151295911489937		3.299836204739189	6.609563934359931	30.061599429112	0.0025547948806009637	0.02414309476791011	0.04592733257404185		-0.020827678106967777	-0.043910634270369404	-0.00254828453631312
93	PyBDEI	0.0292440645752043	0.3265805831555198	0.1056858885695195		3.090105855908067	9.4620011577251	34.19497304926238	0.022912540343085715	-0.031235033957949163	-0.0273540260498452		-0.003990154703815366	0.02812331185493217	-0.022399315131478484
93	PhyloDeep	0.0293259425015675	0.3269600711066748	0.1040133585986108		3.143443068389116	9.614149696473268	34.09950080706011	0.025776504667840282	-0.03010932517097278	-0.042746615964488706		0.013201615167177688	0.04465548691432143	-0.025128772740010963
93	PyBDEI (subtrees)	0.0292872611256786	0.3279752005371406	0.10481168816135		3.129185363680492	9.540920650572591	34.144537985602724	0.024423489447513214	-0.027098056654236886	-0.035399447429562664		0.008606039829858938	0.03669855603465098	-0.023841204051935766
94	PyBDEI (subtrees)	0.0966486213367305	1.1860366400346818	0.2546351414613649		4.657788525291336	3.927187717535551	10.346759076013406	0.03918123086812895	-0.007271972168461898	-0.01670973114146685		0.009598141334156228	0.016993691151712904	-0.0377039439361293
94	PhyloDeep	0.1051904625112109	1.1031269159593826	0.2639578828461223		4.179177769062743	3.788483182307394	9.50656529239447	0.13102445535293772	-0.07666848496668535	0.01929064504426701		-0.09414304985285635	-0.018925558807055914	-0.11584581989613314
94	PyBDEI	0.0954023883941697	1.1903354167282305	0.257270604318779		4.626783615174739	3.8869578693138194	10.481917872625424	0.025781537574143407	-0.0036738404033673437	-0.0065327187826813475		0.0028776774367553566	0.006575675823643318	-0.025133555859383188
95	PyBDEI	0.0197786006804153	0.4560537378384147	0.1027606509342389		4.438019160955527	9.7313513578261	50.55969409353574	-0.0482717273230949	0.0457974576809968	-0.0037942281331505763		0.04978056463296204	0.003808679130657931	0.050720072849488346
95	PyBDEI (subtrees)	0.0205581261367813	0.4465261698314397	0.1023112545156797		4.364389547808812	9.774095770145648	48.64256563787019	-0.010761671476246605	0.02394936046595424	-0.008150869531923623		0.03236402494271357	0.00821785217281669	0.010878744955531084
95	PhyloDeep	0.0243060193562194	0.3863793151369241	0.098300510360794		3.9305931751400816	10.172887163349229	41.14207206636317	0.1695835408847731	-0.11397611302138183	-0.047032741535004606		-0.07024729432384465	0.04935399523669094	-0.14499480794376512
96	PyBDEI	0.2839787817205877	1.3171274904767083	0.4639674127514083		2.838836207624821	2.155323784637857	3.5213898515274265	-0.025353887773732337	0.014848180851323205	0.04619909477566226		-0.02996648924750014	-0.04415898943744433	0.026013429341876053
96	PyBDEI (subtrees)	0.2829791317447314	1.3280385286257836	0.4620142753709679		2.874453451810452	2.1644352854618267	3.533829487123014	-0.02878479538116793	0.023255147752287996	0.041794969608181846		-0.017796037029115988	-0.04011822942848442	0.029637916750350785
96	PhyloDeep	0.2606784935409449	1.4423364089279576	0.4879087682059357		2.9561600506412264	2.0495634945792194	3.836143083445161	-0.1053230148699422	0.11132179030474235	0.1001844043380156		0.010123199277150281	-0.09106146564429536	0.11772183326547903
97	PyBDEI	0.0380926827583445	0.332236804864186	0.1501860068323352		2.212168842301592	6.658409935063927	26.2517609049455	-0.026942639946577533	0.028556467290416932	-0.00889170950897311		0.03778414241781483	0.008971481314688183	0.027688645143281176
97	PhyloDeep	0.0392476699240822	0.3271606162311009	0.1458259367713809		2.2435008714808253	6.857490664145384	25.479219580024083	0.0025608940921773623	0.012841331064374371	-0.03766470691183875		0.052482786757344614	0.039138860626186996	-0.002554352665529395
97	PyBDEI (subtrees)	0.0381142563222527	0.3348841576469789	0.148950615837744		2.2482898493805314	6.713634545085247	26.23690179194596	-0.02639155470859019	0.03675228360599342	-0.01704430829338726		0.05472941695467329	0.017339854112645367	0.027106949242506402
98	PyBDEI (subtrees)	0.0229043549341267	0.1201395109283902	0.1052287452283195		1.141698598303327	9.503106758806782	43.65981940447641	-0.00026207574609283916	-0.008013232832327848	-0.021279062850985957		0.013554251794491637	0.0217417059790006	0.00026214444779454007
98	PhyloDeep	0.0235778113889663	0.1094097810042538	0.0978484639557443		1.1181553248882736	10.219884498670185	42.4127576348315	0.029133205639176485	-0.0966081506722262	-0.08992224383585413		-0.0073465226362112905	0.09880720985299492	-0.028308488618909892
98	PyBDEI	0.0228884412268308	0.1189358993147063	0.1058393201199359		1.123740205246306	9.448284426494908	43.690174883021584	-0.0009566832451883237	-0.01795140208536759	-0.01560017322034507		-0.0023884897183647368	0.015847395332624702	0.0009575993644546579
99	PhyloDeep	0.1111539394115088	0.1856632176693884	0.1241554372808713		1.4954094781154907	8.054419700828278	8.996532244330513	0.05284554114591913	-0.02081463463331298	0.010681940906533953		-0.031163686878184868	-0.010569043013624331	-0.05019306164169404
99	PyBDEI	0.1097035932332451	0.1859468827872552	0.1248930261248423		1.4888492060508145	8.006852192054387	9.11547170450343	0.039107921813780026	-0.019318588536692955	0.016686250832398625		-0.03541391391849129	-0.016412389583057414	-0.03763605395820369
99	PyBDEI (subtrees)	0.1100999037329258	0.1872761135290781	0.1242048304091239		1.507800565502975	8.051216661268766	9.08266007594106	0.04286175856223206	-0.012308243106257801	0.011084023520256682		-0.023135828558610107	-0.010962514748938477	-0.04110013451957924
