	type	T	sampled_tips	observed_trees	unobserved_trees	mu	lambda	psi	p	R_naught	infectious_time	incubation_period
0	real	33.039930500000004		1.0	0.0	0.7299648936648243	1.4210610634344352	0.6069550954814479	0.44732297990706804	2.34129521938888	1.6475683414549502	1.3699288947711599
0	PyBDEI (p)					0.7277073639951157	1.44927394211076	0.6246539556687822	0.44732297990706804	2.320122891976411	1.6008863642420317	1.3741787557432383
0	PyBDEI (mu)					0.7299648936648243	1.4130403255861983	0.602198632864986	0.46632047009578703	2.346468836808211	1.6605816510118212	1.36992889477116
0	PyBDEI (psi)					0.7134987801008628	1.4294234036385234	0.6069550954814479	0.4687533925892118	2.355072746369612	1.6475683414549502	1.4015440921407551
0	PyBDEI (lambda)					0.7061921713135622	1.4210610634344352	0.5963352300298564	0.4794863084831607	2.3829902911543352	1.6769091437880226	1.416045151194379
1	real	41.9178016		1.0	0.0	0.2523725112488919	0.9070813841379691	0.2692907505391973	0.6225767763228239	3.36840898665005	3.71345840136623	3.9623966772426797
1	PyBDEI (p)					0.24881098996105436	0.9178933234551492	0.27738218295850964	0.6225767763228239	3.309128631352815	3.6051342207137305	4.01911507267636
1	PyBDEI (mu)					0.2523725112488919	0.8841806971654723	0.2631955174174974	0.6590488915361645	3.359406367711532	3.7994568061496903	3.96239667724268
1	PyBDEI (lambda)					0.23871225699567586	0.9070813841379691	0.2617155058204396	0.6755126256590427	3.465906161327364	3.8209428855395764	4.189143919904014
1	PyBDEI (psi)					0.2432822398662588	0.907307398546604	0.2692907505391973	0.6555615374793454	3.3692482817546257	3.71345840136623	4.11045212568635
2	PyBDEI (mu)					0.03029711860849503	0.5152305707511565	0.12755868828438818	0.9897744711641804	4.039164855650332	7.839528717718786	33.006439091525
2	PyBDEI (p)					0.030401856370366086	0.5111363866180746	0.12663743563362176	0.997036566631611	4.036218706266742	7.89655914143056	32.89272825375033
2	PyBDEI (lambda)					0.03138114878697301	0.4991666375631278	0.12716122396372784	0.9908047354219468	3.92546266860024	7.864032515802503	31.86626489643111
2	real	157.11786899999996		1.0	0.0	0.03029711860849503	0.4991666375631278	0.12767654472811538	0.997036566631611	3.90961894078582	7.832292157729361	33.006439091525
2	PyBDEI (psi)					0.030462345923424325	0.5130930112218339	0.12767654472811538	0.9896698511373913	4.0186943679785125	7.832292157729361	32.82741265278062
3	PyBDEI (psi)					0.13032072604162315	1.6373195523711437	0.4226364125557624	0.8402003295564724	3.874061731855905	2.3660999627382098	7.6733765255467485
3	PyBDEI (lambda)					0.12747447652853358	1.6863982922081189	0.4304004369981612	0.829095961856057	3.9182076671899937	2.3234177153130364	7.844707640561775
3	PyBDEI (mu)					0.12040375238506205	1.7159682649579062	0.42272309813494857	0.8507711422311109	4.059319853891937	2.3656147591934134	8.305388994870441
3	real	76.14778349999997		1.0	0.0	0.12040375238506205	1.6863982922081189	0.4226364125557624	0.8293398478248979	3.9901869363554106	2.3660999627382098	8.305388994870441
3	PyBDEI (p)					0.13095585964541107	1.6452141797523718	0.4288316468717821	0.8293398478248979	3.836503653015797	2.331917448944699	7.636160785074438
4	PyBDEI (lambda)					0.04651242744796811	0.2622941833873121	0.1366503721912594	0.6849119339479128	1.9194545845817268	7.3179456737986355	21.499630418529897
4	PyBDEI (p)					0.04706322324904404	0.27070762106633645	0.14167823761785733	0.6549452351128721	1.9107212626155368	7.0582470308337495	21.248013437335327
4	PyBDEI (mu)					0.04677213720739507	0.2674478330141704	0.13941520889627326	0.6703289231347418	1.918354784470861	7.172818574937638	21.380250288025998
4	PyBDEI (psi)					0.04685088721271487	0.2712007938044488	0.14255609998616633	0.6592588047086316	1.9024145149226597	7.014782251317482	21.344312978743545
4	real	251.35717519999992		1.0	0.0	0.04677213720739507	0.2622941833873121	0.14255609998616633	0.6549452351128721	1.8399365822491296	7.014782251317483	21.380250288025998
5	PyBDEI (lambda)					0.9466195213726432	0.2873148575232718	0.2071288838393275	0.4146450526912725	1.3871308153533313	4.827911884929158	1.056390637866788
5	PyBDEI (psi)					0.9428961142828076	0.2866000575711673	0.20584751545822136	0.4180978769971545	1.3922930132685298	4.857964876447388	1.060562224037403
5	PyBDEI (p)					0.8840244355518653	0.2887484120021579	0.2071254972459164	0.4271495730639	1.3940746834240891	4.8279908234219855	1.1311904510600268
5	real	98.75846699999998		1.0	0.0	0.9240026020199156	0.2873148575232718	0.20584751545822136	0.4271495730639	1.39576548632954	4.8579648764473875	1.0822480345985501
5	PyBDEI (mu)					0.9240026020199156	0.3527525139016953	0.2675888927626918	0.29109837627887425	1.318262915398846	3.7370758915873186	1.08224803459855
6	PyBDEI (p)					0.4648039893625792	0.6340939688741589	0.1419120312919008	0.032288791520142	4.468218537228053	7.046618887041976	2.1514445290613264
6	PyBDEI (psi)					0.444211564950692	0.6319756022733858	0.13433231072568294	0.035153690096289984	4.704568832765255	7.444225403388453	2.2511795705071327
6	real	49.922702		1.0	0.0	0.4975835768756962	0.6147459861167709	0.13433231072568294	0.032288791520142	4.576307686481551	7.444225403388452	2.00971263215509
6	PyBDEI (lambda)					0.4555722927884443	0.6147459861167709	0.1272291350167808	0.03684402244293114	4.831801977084019	7.859834933783882	2.1950413048152018
6	PyBDEI (mu)					0.4975835768756962	0.6642253858688912	0.17110673196685355	0.025437870198356118	3.88193601872756	5.844305413966517	2.00971263215509
7	PyBDEI (mu)					0.050938770042800896	0.6375682014999363	0.2192308761141779	0.32254135335055645	2.908204413542021	4.561401284913849	19.6314123635054
7	PyBDEI (p)					0.05204064464614014	0.6370618396721587	0.2222866333746024	0.31573505363974197	2.86594758308552	4.4986960521138375	19.215749666432508
7	PyBDEI (psi)					0.05110675874543204	0.6281224212359863	0.2150041801769944	0.3265133587035678	2.9214428329668163	4.65107236136891	19.566883608899985
7	real	193.4632812		1.0	0.0	0.050938770042800896	0.6308707935278659	0.2150041801769944	0.31573505363974197	2.9342257113723296	4.65107236136891	19.6314123635054
7	PyBDEI (lambda)					0.05197603953057248	0.6308707935278659	0.21976797225990674	0.3197536815773741	2.8706220794619335	4.5502535684196905	19.23963443601348
8	real	259.53926700000005		1.0	0.0	0.05450624562902902	0.4189545259980157	0.21185512479887966	0.969111940083884	1.9775520011410703	4.720206796740601	18.3465213657537
8	PyBDEI (mu)					0.05450624562902902	0.4200164692053868	0.2159074206151377	0.9669426649871586	1.945354485773235	4.631614777995676	18.3465213657537
8	PyBDEI (psi)					0.05692938754997433	0.4100190466114185	0.21185512479887966	0.9675211149422432	1.9353746906083191	4.720206796740602	17.565620201379648
8	PyBDEI (p)					0.056806447464719724	0.41088831893854544	0.21464431283946697	0.969111940083884	1.9142753586294636	4.65887023406906	17.603635584166053
8	PyBDEI (lambda)					0.056446176132777214	0.4189545259980157	0.21710159394344886	0.960378251435978	1.9297625521217776	4.606138452675213	17.715991914983228
9	PyBDEI (lambda)					0.04039706297734184	0.1952277932119866	0.16659392226849604	0.4884524143476471	1.1718782447377758	6.002619941850702	24.75427484817117
9	PyBDEI (mu)					0.04017473589310208	0.20003701228069895	0.17009700556126295	0.4826799133378152	1.1760172474562034	5.87899826161158	24.891265064214096
9	real	840.43257879		1.0	0.0	0.04017473589310208	0.1952277932119866	0.16539045395073124	0.488340826384015	1.18040544994298	6.04629817569697	24.891265064214096
9	PyBDEI (p)					0.04032745097873743	0.1981102210883907	0.1685378970253206	0.488340826384015	1.1754639436294096	5.9333836344817055	24.797004911796886
9	PyBDEI (psi)					0.04028243800522338	0.1954253114111929	0.16539045395073124	0.4902718797654701	1.1815997038705082	6.04629817569697	24.82471393291367
10	PyBDEI (mu)					0.08182652247933321	0.23881398737046114	0.1074849717899558	0.09586705197220677	2.2218360706010603	9.303626203244232	12.220976398606801
10	real	225.66247769		1.0	0.0	0.08182652247933321	0.2376218173182295	0.10479807680327913	0.09722937388652401	2.267425362817291	9.542159842085098	12.220976398606801
10	PyBDEI (lambda)					0.08233892713339246	0.2376218173182295	0.10711456571690904	0.0957975752877266	2.218389401365221	9.335798481813203	12.144923850901758
10	PyBDEI (psi)					0.08083387991080697	0.23568794828582604	0.10479807680327913	0.09897550585173022	2.2489720753964386	9.542159842085098	12.371050370258255
10	PyBDEI (p)					0.08145805693077332	0.23741148656218405	0.10638527176337456	0.09722937388652401	2.2316198720650178	9.399797391355367	12.276256489273301
11	PyBDEI (mu)					0.17693830377963493	0.5331218954994674	0.12139235695367427	0.956077608860984	4.391725384349504	8.237750918549343	5.65168750145494
11	PyBDEI (p)					0.18154846312608794	0.5202336143189431	0.11784647895432901	0.9794623100045532	4.4145028254985705	8.485616276983096	5.508171111894712
11	PyBDEI (psi)					0.18237314114591008	0.5188379480391471	0.11629346656877736	0.9829938874939046	4.461453969405066	8.59893534439089	5.483263564561497
11	PyBDEI (lambda)					0.18436588023870112	0.5313673599444807	0.12539447299189976	0.9104249902006234	4.237566036732783	7.974833149660416	5.423997101336137
11	real	62.25031600000001		1.0	0.0	0.17693830377963493	0.5313673599444807	0.11629346656877736	0.9794623100045532	4.569193572282272	8.59893534439089	5.65168750145494
12	PyBDEI (lambda)					1.0881941951484626	1.2514811116154159	0.5809731204969181	0.8478946594464362	2.154111898576304	1.7212500281332803	0.9189536246915649
12	PyBDEI (psi)					1.0781626393515986	1.21626692785975	0.5541087076859079	0.8993225640089033	2.1949969581585806	1.8047000275022604	0.9275038509972808
12	PyBDEI (p)					1.0907324182012699	1.237942130631293	0.5736018452250916	0.859900914773923	2.1581906350833	1.7433695660577628	0.9168151448630296
12	PyBDEI (mu)					1.0078753755368204	1.2198422340224335	0.5430859509381745	0.9529630697778032	2.2461310809369506	1.8413291639610856	0.992186161376722
12	real	21.32052862		1.0	0.0	1.0078753755368204	1.2514811116154159	0.5541087076859079	0.859900914773923	2.2585479965509005	1.8047000275022604	0.992186161376722
13	PyBDEI (p)					0.05636388096950861	0.34478013409050945	0.10251724693183197	0.82375001633051	3.3631427336296724	9.754456249346434	17.741858488079874
13	PyBDEI (lambda)					0.05598274173701388	0.3459652947103291	0.10225978575984287	0.8273190897493149	3.3831998780324914	9.779015206901569	17.862647826318124
13	real	221.79399599999994		1.0	0.0	0.055411898983305966	0.3459652947103291	0.10551883235594836	0.82375001633051	3.2787066250248	9.476981290189832	18.046665397648106
13	PyBDEI (mu)					0.055411898983305966	0.34576741439306946	0.10160603071134207	0.8350348721950708	3.4030205881713687	9.84193549338575	18.046665397648106
13	PyBDEI (psi)					0.05661047937963287	0.34815587789575003	0.10551883235594836	0.8064634676643916	3.299466740887638	9.476981290189832	17.664573961544242
14	real	195.76816399999998		1.0	0.0	0.16455275296236402	0.2933530217922129	0.12340278961128565	0.014676794147326	2.3771992733411	8.103544523993047	6.077078517359821
14	PyBDEI (lambda)					0.16149088322928282	0.2933530217922129	0.1220929059598573	0.014919454602179881	2.4027032486937765	8.190484059154002	6.192300023402634
14	PyBDEI (mu)					0.16455275296236402	0.3394487323622745	0.15388275937709284	0.011413285645546134	2.2058918993676766	6.498453784218151	6.077078517359822
14	PyBDEI (psi)					0.1685922828213762	0.2913896361507917	0.12340278961128565	0.014310868574383491	2.3612888903780744	8.103544523993047	5.931469597926387
14	PyBDEI (p)					0.16162222556649594	0.2962553681129113	0.1241632135484508	0.014676794147326	2.386015629317672	8.053915257354237	6.187267849424408
15	real	62.20216919999999		1.0	0.0	0.13900879634992494	1.152667875605596	0.29923404176890217	0.025057708098227	3.8520613122480194	3.34186576530052	7.193789359075621
15	PyBDEI (lambda)					0.1299682393223462	1.152667875605596	0.2786281540684581	0.028339341975869483	4.136939712568992	3.589012759113722	7.694187481603162
15	PyBDEI (p)					0.13719882291253652	1.1905919561029918	0.3086441104354221	0.025057708098227	3.857491252379172	3.2399775864481657	7.28869226988554
15	PyBDEI (mu)					0.13900879634992494	1.0820578484045045	0.27042753304896056	0.029138928145641174	4.0012858017996225	3.6978483245600255	7.1937893590756214
15	PyBDEI (psi)					0.13430315999713408	1.1829159023685398	0.29923404176890217	0.02599533536780808	3.953146157354996	3.34186576530052	7.445841185131751
16	PyBDEI (mu)					0.13542830635455294	2.242600842488915	0.5593798374249153	0.1258709900324367	4.009084154360383	1.7876940373887331	7.383980697373472
16	PyBDEI (lambda)					0.1428915095237498	2.229957450884843	0.5822023410286951	0.1192487686806208	3.830210381745845	1.7176159034900085	6.998316438345075
16	PyBDEI (p)					0.1359789009539364	2.1966885842753423	0.5472249239070376	0.129623054853193	4.014233431824672	1.8274021454656544	7.354082089093776
16	PyBDEI (psi)					0.1397631564421203	2.1965048585019558	0.558194370222384	0.12449292251811515	3.935017935825598	1.7914906587137398	7.154961475230612
16	real	68.30255949		1.0	0.0	0.13542830635455294	2.229957450884843	0.558194370222384	0.129623054853193	3.9949479425892997	1.7914906587137398	7.383980697373472
17	PyBDEI (lambda)					0.047230769364461016	0.17804350417937928	0.10800990828624438	0.7434650160411055	1.6483997348422343	9.258409861341908	21.172638376550648
17	real	319.6466180000001		1.0	0.0	0.04589083049938593	0.17804350417937928	0.10629174696085812	0.758180898887686	1.6750454223406799	9.408068157617633	21.790845559297104
17	PyBDEI (mu)					0.04589083049938593	0.1845191506293117	0.11028574211385582	0.7365765751871599	1.6731006845728025	9.067355225008404	21.790845559297104
17	PyBDEI (psi)					0.04674654780398009	0.17950430646325044	0.10629174696085812	0.7488257223768697	1.6887887497921437	9.408068157617633	21.391953993977246
17	PyBDEI (p)					0.04632969758630148	0.1799913732747004	0.10761925337932304	0.758180898887686	1.672483014171164	9.292017632526438	21.584427529172448
18	PyBDEI (mu)					0.11441676995950904	1.1184888317119421	0.3242039434517891	0.6855238228458743	3.449954432396555	3.084478212550507	8.739977543098709
18	PyBDEI (p)					0.11314245234460908	1.1756146873685491	0.3431361834843277	0.638127425862025	3.4260877865777273	2.9142948139296823	8.838415460133406
18	PyBDEI (lambda)					0.10539889144317864	1.1752395018773178	0.3223089082782203	0.6993371470585708	3.6463140536681635	3.102613593096192	9.48776582284177
18	real	60.40604763		1.0	0.0	0.11441676995950904	1.1752395018773178	0.35080214809420524	0.638127425862025	3.350149103310839	2.8506096825024505	8.739977543098709
18	PyBDEI (psi)					0.1113333580675288	1.183258695228032	0.35080214809420524	0.649907989875167	3.3730086935222436	2.8506096825024505	8.982033932664224
19	PyBDEI (psi)					0.06475877507100307	0.7263625872063944	0.16749359872269595	0.5652813158323048	4.3366587902202	5.970377421143179	15.441922718636599
19	real	86.6820395		1.0	0.0	0.06327962770624318	0.7341348163315163	0.16749359872269595	0.5576676637930279	4.38306193150078	5.970377421143179	15.802874262190702
19	PyBDEI (p)					0.0655154430357075	0.7239307003151606	0.16614566903265007	0.5576676637930279	4.357204762122914	6.018814729401615	15.263576855535812
19	PyBDEI (lambda)					0.061639023053252764	0.7341348163315163	0.15922101858665086	0.5942018637750754	4.6107908544247085	6.280577833734824	16.22348879760885
19	PyBDEI (mu)					0.06327962770624318	0.7136541135372426	0.15746962356395752	0.5995326035774784	4.532011300880429	6.3504311331121075	15.802874262190702
20	real	220.279452		1.0	0.0	0.04962716998629898	0.4778842627671259	0.21345273565805406	0.5988352752009151	2.2388294124872896	4.684877881359061	20.150252377398893
20	PyBDEI (lambda)					0.049873743794012465	0.4778842627671259	0.21468294416870864	0.5979719588976785	2.226000135304556	4.658031889175834	20.050630330263157
20	PyBDEI (p)					0.05008771096267477	0.4747970907947637	0.21397297951716576	0.5988352752009151	2.21895816876576	4.673487289173238	19.964977052858284
20	PyBDEI (psi)					0.049980132628853584	0.4743665238561643	0.21345273565805406	0.600754169413569	2.2223492352709298	4.6848778813590615	20.00795010741326
20	PyBDEI (mu)					0.04962716998629898	0.475452830124777	0.21316276236730194	0.6028172303155627	2.2304685154413684	4.691250896237189	20.150252377398893
21	PyBDEI (lambda)					0.02962936593654694	0.5649532010334002	0.11689636292792192	0.2284378543406615	4.832940793733243	8.554586087649263	33.75030036557515
21	PyBDEI (p)					0.028714959403747818	0.5770227453209372	0.1165160761753528	0.23075669136252305	4.95230155581739	8.582506661956531	34.82505358755555
21	real	147.8340225		1.0	0.0	0.029470472137533992	0.5649532010334002	0.11657410659714855	0.23075669136252305	4.84630092843636	8.57823430254331	33.9322694028504
21	PyBDEI (psi)					0.02886530697457935	0.5756444524973532	0.11657410659714855	0.2297214394509849	4.9380129884815585	8.57823430254331	34.643664135658234
21	PyBDEI (mu)					0.029470472137533992	0.5756050280128924	0.11916978730240285	0.22403415683373326	4.8301254960894475	8.391388645029803	33.9322694028504
22	PyBDEI (psi)					0.6498264477659144	0.19421590335805736	0.16482425165047376	0.3686121482700925	1.1783211597399608	6.067068346960249	1.538872422687585
22	PyBDEI (p)					0.6607964133705033	0.1959489481501251	0.16651026269813846	0.36006054874133797	1.176798024187585	6.005635831665647	1.5133254051718164
22	PyBDEI (lambda)					0.6541769235967391	0.1900801378953291	0.16071764041208508	0.3812929737051118	1.1826961707996562	6.222092344287588	1.5286384522735628
22	real	453.9714114		1.0	0.0	0.6634482255057563	0.1900801378953291	0.16482425165047376	0.36006054874133797	1.1532291880105905	6.067068346960249	1.5072766216801399
22	PyBDEI (mu)					0.6634482255057563	0.1818565295153378	0.15295457698001	0.4085462427188916	1.1889577488034573	6.537888697052147	1.50727662168014
23	PyBDEI (psi)					0.02997771180130945	0.4841542280219969	0.11602987452985593	0.3577208981435113	4.17266871987712	8.61847006257589	33.35811641088361
23	PyBDEI (lambda)					0.029378456034814482	0.4675801429899098	0.10783120499527553	0.3838585478312351	4.336222923692602	9.273753363359091	34.038548479707906
23	PyBDEI (mu)					0.031543095471824045	0.4629168914351302	0.1132656527121836	0.3593501269135201	4.087001490305593	8.828801812859137	31.70265901433969
23	PyBDEI (p)					0.02997931288497808	0.4804774021551057	0.1136092722756486	0.359062840569089	4.229209399293836	8.802098455253844	33.35633487787761
23	real	318.406448		1.0	0.0	0.031543095471824045	0.4675801429899098	0.11602987452985593	0.359062840569089	4.029825464213491	8.61847006257589	31.70265901433969
24	PyBDEI (psi)					0.2419785134973364	0.6767883389110387	0.17418175049273785	0.7766196172911107	3.8855295517268105	5.741129579712732	4.13259832679734
24	PyBDEI (lambda)					0.2417831917217078	0.6913692453613679	0.1812934532329757	0.7443843768024355	3.8135367440594035	5.515918981999449	4.135936798911144
24	PyBDEI (mu)					0.24134817264200906	0.6829956183570655	0.1775216794985498	0.7631807781712091	3.8473927257016793	5.6331147994133834	4.1433916364608105
24	real	48.608508		1.0	0.0	0.24134817264200906	0.6913692453613679	0.17418175049273785	0.7447356683104871	3.969240425047819	5.741129579712732	4.14339163646081
24	PyBDEI (p)					0.2442202505863837	0.6855003972246166	0.1807058722104377	0.7447356683104871	3.7934594423491097	5.533854477266064	4.094664539893622
25	PyBDEI (mu)					0.12219550955630805	0.20514977032943493	0.1777091558898084	0.2984355965845588	1.1544130593734945	5.627172077841993	8.183606775985472
25	PyBDEI (psi)					0.12090691025032692	0.2028486153184859	0.17535788562123167	0.3047738744033339	1.156769281289314	5.70262350311393	8.270825860404418
25	real	454.2313047		1.0	0.0	0.12219550955630805	0.19999607051410206	0.17535788562123167	0.305363243821061	1.1405022922441492	5.70262350311393	8.183606775985472
25	PyBDEI (p)					0.1207059493699942	0.20289277793343855	0.17544276389617636	0.305363243821061	1.1564613633965923	5.699864604229449	8.284595790177232
25	PyBDEI (lambda)					0.11993110567470525	0.19999607051410206	0.17276413196620918	0.3114524855635805	1.1576249551221616	5.788238499618598	8.338120409832179
26	PyBDEI (mu)					0.08084575140384305	0.4552103363834421	0.19757811296368635	0.2663631181722199	2.3039512299983707	5.0612893553841865	12.369233789476096
26	PyBDEI (psi)					0.08321763895144679	0.4580078233795417	0.2023409901590217	0.2565403586700688	2.2635444405979674	4.94215234992223	12.016683152756213
26	real	162.6065953		1.0	0.0	0.08084575140384305	0.469349431171597	0.2023409901590217	0.25997681994349	2.3195963941993702	4.94215234992223	12.369233789476096
26	PyBDEI (p)					0.0826805309566246	0.4558754171083719	0.20045871056724932	0.25997681994349	2.2741611767249	4.988558477555022	12.094745745217994
26	PyBDEI (lambda)					0.08388071318810894	0.469349431171597	0.20918942994580905	0.2475694865968284	2.2436574892583385	4.780356255376059	11.921691673715543
27	PyBDEI (p)					0.1023125013724826	0.24290019059198314	0.12098039370216285	0.05227976387643	2.007764920900904	8.265802163463473	9.773976655691015
27	PyBDEI (psi)					0.10150881083005364	0.2440598101287083	0.12146732181143023	0.052566981961459064	2.0092631210523817	8.23266690239892	9.851361589430924
27	PyBDEI (lambda)					0.09997564853097644	0.24421598767049896	0.12063619430338007	0.05341133914085673	2.02440062935288	8.289386164530068	10.002435740040838
27	real	226.96284940000004		1.0	0.0	0.101451189975639	0.24421598767049896	0.12146732181143023	0.05227976387643	2.0105488787315795	8.23266690239892	9.856956830571681
27	PyBDEI (mu)					0.101451189975639	0.23466941644907696	0.11508097347898145	0.05554445309814933	2.0391678081515128	8.689533723684058	9.85695683057168
28	PyBDEI (p)					0.16099537803827535	0.5874166233198279	0.2022267954141592	0.611773575618017	2.9047417881334785	4.944943116722027	6.211358438887968
28	PyBDEI (mu)					0.16079014966673186	0.5788109124746703	0.1974843167005118	0.629629940285116	2.9309209062532617	5.063693242620964	6.219286455499233
28	real	72.17740319999999		1.0	0.0	0.16079014966673186	0.5863806506924701	0.1957255557445179	0.611773575618017	2.9959329963935697	5.109194842728192	6.219286455499233
28	PyBDEI (lambda)					0.15780570902902782	0.5863806506924701	0.19837597748590155	0.6306064924422917	2.9559055391883016	5.040932942957115	6.336906352456826
28	PyBDEI (psi)					0.15824389956533413	0.5792208716352694	0.1957255557445179	0.6399920506911138	2.9593522901594462	5.109194842728192	6.319358931035001
29	PyBDEI (p)					0.030123190439416574	0.42298287730575257	0.1413269429840939	0.158022100106939	2.992938702094183	7.075791628157897	33.19701483849093
29	real	275.26506609		1.0	0.0	0.030004014838639008	0.4082159030659852	0.13357117620546866	0.158022100106939	3.0561676153696404	7.486645161091709	33.32887299842971
29	PyBDEI (psi)					0.029233522708077594	0.4129662485188831	0.13357117620546866	0.16630411890071803	3.0917317661680923	7.486645161091709	34.207304059311575
29	PyBDEI (mu)					0.030004014838639008	0.4263118429340009	0.14214894672591769	0.15675353787003535	2.9990503113328555	7.034874496313607	33.328872998429716
29	PyBDEI (lambda)					0.030644635508895318	0.4082159030659852	0.13731093733858238	0.1608573256817678	2.9729307146116355	7.2827410502208725	32.63213881952444
30	PyBDEI (psi)					0.19018038146498975	1.2601712435912709	0.7191845017329399	0.5988107171184233	1.7522224694146975	1.3904637788918002	5.25816591751915
30	PyBDEI (p)					0.1898829623592789	1.2616239030556624	0.7219025702296811	0.600737301602517	1.7476373614437517	1.3852284799066987	5.2664019329332605
30	PyBDEI (lambda)					0.19082943328078356	1.2371243973738468	0.7116763177613238	0.6055877890780935	1.738324525488487	1.4051331694521438	5.240281767900108
30	PyBDEI (mu)					0.1923527847873552	1.2708310500152789	0.7310203708743835	0.5887510176185107	1.7384345233706966	1.3679509352166015	5.198780985185599
30	real	100.85882020000001		1.0	0.0	0.1923527847873552	1.2371243973738468	0.7191845017329399	0.600737301602517	1.72017666453168	1.3904637788918002	5.198780985185599
31	PyBDEI (psi)					0.1355877149869774	1.3890216832144369	0.2775524837643472	0.8298337909366361	5.004537031611542	3.60292218047322	7.375299451694762
31	real	45.191015500000006		1.0	0.0	0.141030036025229	1.3415561957918247	0.2775524837643472	0.8219365221323579	4.83352257416964	3.6029221804732203	7.090688112857809
31	PyBDEI (lambda)					0.14169424897053573	1.3415561957918247	0.2807402360572562	0.8234208368087991	4.778638839351187	3.5620116804206607	7.0574494537738275
31	PyBDEI (p)					0.13565429924378344	1.3949198918950734	0.28265963698691143	0.8219365221323579	4.934980836898426	3.5378238317284225	7.371679375991664
31	PyBDEI (mu)					0.141030036025229	1.3792419856213038	0.2886598096634897	0.7975906958878508	4.7780880449868635	3.4642855240768284	7.090688112857809
32	real	104.27928399999999		1.0	0.0	0.23588156514006314	1.0073646368569718	0.5789556643538523	0.08444202266268201	1.7399685310640298	1.7272479769518403	4.2394156550818805
32	PyBDEI (p)					0.2410449550051153	0.9968160003394728	0.5752863877599954	0.08444202266268201	1.7327300307257332	1.7382646648284532	4.148603732356809
32	PyBDEI (psi)					0.2410500639731811	1.0018848985088478	0.5789556643538523	0.08415914876875938	1.7305036640880072	1.7272479769518403	4.148515804215919
32	PyBDEI (mu)					0.23588156514006314	0.9780518176517496	0.5581036935998027	0.08830234097225685	1.7524553749917977	1.7917817270656986	4.2394156550818805
32	PyBDEI (lambda)					0.2409544222636275	1.0073646368569718	0.5823122390710216	0.08375850812035965	1.7299389730568735	1.7172917429922596	4.150162468924945
33	PyBDEI (psi)					0.17172253678197452	1.3577921539778854	0.4346021942934824	0.2310133920432589	3.1242183583200736	2.3009547883799	5.8233474693519005
33	PyBDEI (lambda)					0.16913898728141413	1.3747831417572252	0.43557672886090704	0.2313112795135793	3.1562364347435907	2.295806763173821	5.91229743108368
33	PyBDEI (mu)					0.167549028340629	1.3463573288274446	0.4209125977860987	0.2403388202226924	3.1986624679540783	2.3757901408980504	5.968402263527241
33	PyBDEI (p)					0.17440437929344876	1.367231286340326	0.44288154583397904	0.223869740549289	3.0871263415722763	2.2579400957358144	5.733800974787584
33	real	55.1976848		1.0	0.0	0.167549028340629	1.3747831417572252	0.4346021942934824	0.223869740549289	3.16331385301025	2.3009547883799	5.96840226352724
34	PyBDEI (psi)					0.17770946951161815	0.2721350736056382	0.26573029456229363	0.9381258579296984	1.0241025550131362	3.76321413276263	5.627162147004342
34	PyBDEI (p)					0.1785939779638801	0.2723971750373501	0.26420725180234794	0.9312733345931579	1.0309981016006668	3.784907466310178	5.599292940337808
34	PyBDEI (mu)					0.17864185905425695	0.2679837827518295	0.2596432527673488	0.9500259958155476	1.032123037651027	3.8514384230736853	5.597792170849951
34	real	577.0076357000003		1.0	0.0	0.17864185905425695	0.2696828284789141	0.26573029456229363	0.9312733345931579	1.01487423149525	3.76321413276263	5.597792170849951
34	PyBDEI (lambda)					0.1773293714194513	0.2696828284789141	0.2610142351360933	0.949427228497697	1.033211189950238	3.8312086675219006	5.639223733752601
35	real	396.67485870000013		1.0	0.0	0.10207126433031696	0.1792889974537792	0.12026071523796665	0.350139560960445	1.4908359483727496	8.315267359097637	9.797076646017231
35	PyBDEI (mu)					0.10207126433031696	0.17997324200843154	0.12041778854019357	0.3512104481024457	1.4945735525475068	8.304420900955307	9.797076646017231
35	PyBDEI (lambda)					0.10011971260351284	0.1792889974537792	0.11924522970652407	0.3598637002784111	1.5035318217343332	8.386079698627043	9.988043053620526
35	PyBDEI (psi)					0.1007059092198126	0.18015498790928886	0.12026071523796665	0.3555439779560641	1.498036890540739	8.315267359097637	9.929903892901477
35	PyBDEI (p)					0.10161807850748966	0.18077712081377587	0.12091066777377735	0.350139560960445	1.495129620423634	8.270568829137472	9.840768637701569
36	real	130.66419399999998		1.0	0.0	0.052300244692993034	0.4425895541035867	0.11258805211421714	0.344795403114044	3.931052592104472	8.881937125846449	19.120369433643887
36	PyBDEI (lambda)					0.056079941286837236	0.4425895541035867	0.1184538959615814	0.3266515943011153	3.736386638115588	8.442103080546492	17.831687713173736
36	PyBDEI (p)					0.055327704787302985	0.4326692010898513	0.11338964368468435	0.344795403114044	3.815773531249683	8.819147565017625	18.074127669750855
36	PyBDEI (psi)					0.055455148271460065	0.4314719507058877	0.11258805211421714	0.3443374482865009	3.8323067377360127	8.881937125846449	18.032590862526806
36	PyBDEI (mu)					0.052300244692993034	0.44339361776724706	0.11178742309753392	0.3546799741769446	3.9663998460756047	8.945550154846181	19.12036943364389
37	PyBDEI (p)					0.2340775762733356	0.2678503677124673	0.19148639141811385	0.501978464893768	1.3987958398965878	5.22230322789092	4.272087980064722
37	real	234.4776663		1.0	0.0	0.2259720048368999	0.2713654321747469	0.1974622196477748	0.501978464893768	1.3742650754093502	5.0642598963171785	4.42532693694412
37	PyBDEI (psi)					0.2346541015877337	0.2739020423001097	0.1974622196477748	0.48771878208125	1.3871111283398172	5.0642598963171785	4.261591820614799
37	PyBDEI (lambda)					0.2311213364904505	0.2713654321747469	0.19342753472589064	0.502371686741377	1.4029307283438386	5.169894769207065	4.3267316431484835
37	PyBDEI (mu)					0.2259720048368999	0.2574218188945839	0.18158673805639125	0.5478622780955809	1.4176245559003446	5.507010097232171	4.42532693694412
38	real	149.1397544		1.0	0.0	0.05011361027517402	0.6417996914954104	0.2085611368640857	0.6273096415059279	3.0772736529224805	4.794757139493711	19.954658914195093
38	PyBDEI (psi)					0.05007000460405469	0.6440593380504269	0.2085611368640857	0.6327795636185293	3.0881081093748777	4.794757139493711	19.97203730872075
38	PyBDEI (mu)					0.05011361027517402	0.6417626594858057	0.20737668043536492	0.6351883100512637	3.0946712915767303	4.822142961786292	19.954658914195093
38	PyBDEI (lambda)					0.04998303042771025	0.6417996914954104	0.20714021902082624	0.6363295472990351	3.098382798518152	4.827647690666284	20.006790133429107
38	PyBDEI (p)					0.05031811322026974	0.6450182741767813	0.20921816148392205	0.6273096415059279	3.082993701894037	4.779699778008268	19.87355916193551
39	PyBDEI (mu)					0.024827203645465	0.17650834013592845	0.11240740174159376	0.931133956569775	1.570255493865896	8.896211321553688	40.27839841651529
39	PyBDEI (psi)					0.02510024600885409	0.17502802980506846	0.11109818878748556	0.9327226871002116	1.5754354928312222	9.00104682996095	39.84024696997993
39	PyBDEI (lambda)					0.02515341691579192	0.1745867248044645	0.11196008294017992	0.9315755670311608	1.559365804487175	8.931754726676099	39.756030099122476
39	PyBDEI (p)					0.024997978843062898	0.17481092250907182	0.1115270294304441	0.9395324424236692	1.5674309932023782	8.966436254125002	40.00323411256532
39	real	752.7308965600001		1.0	0.0	0.024827203645465	0.1745867248044645	0.11109818878748556	0.9395324424236692	1.5714632858544897	9.001046829960949	40.27839841651529
40	PyBDEI (mu)					0.10101353208345804	0.5062676719336069	0.12405786590773905	0.6012073521003808	4.0808994111676435	8.060754492937134	9.899663731922507
40	PyBDEI (lambda)					0.10478633544697548	0.4931174510008712	0.12315747205783585	0.6000002540700772	4.003958856587272	8.119685986493707	9.543229045413323
40	real	108.54156860000002		1.0	0.0	0.10101353208345804	0.4931174510008712	0.11868218730664197	0.629964716453568	4.1549407050174425	8.42586425725603	9.899663731922507
40	PyBDEI (psi)					0.10240485489916908	0.4931364449468763	0.11868218730664197	0.6229058110925225	4.155100745428191	8.42586425725603	9.765162022685645
40	PyBDEI (p)					0.10155052373101604	0.4932934502901306	0.11898100742473282	0.629964716453568	4.145984816964901	8.40470274747504	9.847315043384413
41	PyBDEI (mu)					0.218092332313404	3.2017459163565603	0.7941583509357756	0.0666863988120672	4.031621543214735	1.2591947170506692	4.585213929314009
41	real	31.823341100000004		1.0	0.0	0.218092332313404	3.2091423858191845	0.7891899301837478	0.063667672771548	4.06637523247667	1.2671220979304298	4.58521392931401
41	PyBDEI (psi)					0.20905624440269494	3.2751673046540337	0.7891899301837478	0.06810703062127524	4.150036866146372	1.2671220979304298	4.783401724531836
41	PyBDEI (p)					0.21767409481638508	3.296360589620023	0.8228102147820314	0.063667672771548	4.0062222495539315	1.2153470898084409	4.594023927576369
41	PyBDEI (lambda)					0.20391996425318426	3.2091423858191845	0.7483416614862912	0.07207050745361518	4.288338537033291	1.3362880238605008	4.903884735672147
42	PyBDEI (mu)					0.2466071196833712	2.7172573983623534	0.6050964025472779	0.3124848007375363	4.490618993805778	1.6526292269963825	4.05503296613634
42	PyBDEI (psi)					0.25575248056309274	2.7374686684285003	0.6368477290269376	0.2946046557577189	4.2984665621893265	1.5702340676128903	3.9100305021413284
42	PyBDEI (p)					0.2627495691475396	2.7605534757253163	0.6583507212514447	0.279079521428259	4.193135036713926	1.5189472232963026	3.805905384524068
42	real	24.0459899		1.0	0.0	0.2466071196833712	2.8955489207270437	0.6368477290269376	0.279079521428259	4.5466895597653405	1.5702340676128903	4.05503296613634
42	PyBDEI (lambda)					0.2393358179654941	2.8955489207270437	0.6427853230524774	0.29455771929309305	4.504690472670687	1.555729361167071	4.178229604330154
43	PyBDEI (lambda)					0.024960287093520803	0.5101451072539642	0.10524089040142114	0.7720579017135103	4.847403944494519	9.502010066483589	40.0636417463155
43	PyBDEI (mu)					0.025101839417242987	0.4972685309254948	0.10327894398090533	0.7884044040769959	4.814810374294998	9.682515733167108	39.83771800058121
43	real	159.0547118		1.0	0.0	0.025101839417242987	0.5101451072539642	0.10614102454951582	0.776957855461345	4.80629529834599	9.42142780554648	39.83771800058121
43	PyBDEI (p)					0.02659426805006332	0.4808341384236942	0.10412479127940917	0.776957855461345	4.617864127414388	9.603860787740674	37.602087717455305
43	PyBDEI (psi)					0.02676561065508581	0.4829667406538654	0.10614102454951582	0.7661968196818019	4.550236279550483	9.42142780554648	37.36137437275272
44	PyBDEI (psi)					1.0112366843896323	2.0196008580288933	0.8503840099849905	0.9409515490834158	2.3749280728650333	1.17593932653749	0.9888881756733194
44	real	18.034683300000005		1.0	0.0	1.0171827845877903	2.0787965886559667	0.8503840099849905	0.8341353021594431	2.444538660472529	1.17593932653749	0.983107476013022
44	PyBDEI (mu)					1.0171827845877903	1.9664461719343156	0.8067144652248572	0.9826395499845686	2.437598749870196	1.23959596995855	0.983107476013022
44	PyBDEI (lambda)					0.9933310567759424	2.0787965886559667	0.8508109820474348	0.9319595087397484	2.4433118900903756	1.1753491916542371	1.0067137166190123
44	PyBDEI (p)					1.0605992219268765	2.1027637025071955	0.9129458722449292	0.8341353021594431	2.303273136376104	1.0953551907091768	0.9428632223425728
45	PyBDEI (lambda)					0.33566742476451866	0.5117192546458804	0.10184949969494343	0.10079141806741516	5.024268711958003	9.8184085635685	2.979139249814103
45	PyBDEI (p)					0.3403130046424646	0.5263894149117849	0.1121157613107754	0.09000617059791301	4.695052762944526	8.919352536242291	2.9384713083492278
45	real	79.0563032		1.0	0.0	0.3605861590513078	0.5117192546458804	0.1071640303132273	0.09000617059791301	4.77510273876587	9.33148927935169	2.77326229778473
45	PyBDEI (mu)					0.3605861590513078	0.5146166563359649	0.11212325640719124	0.08785492916652735	4.589740548268262	8.918756304832607	2.77326229778473
45	PyBDEI (psi)					0.3329799594364322	0.5223024671842607	0.1071640303132273	0.09571612693088567	4.8738598731088665	9.33148927935169	3.0031837402241783
46	PyBDEI (p)					0.5356780061850975	0.5688116995479523	0.2586521712670668	0.539501293138565	2.1991375396599158	3.86619603887828	1.866793089232156
46	PyBDEI (mu)					0.5087228651887722	0.5564276407597702	0.2443387120039671	0.5930562630562645	2.2772799127742642	4.092679345808142	1.9657068090087304
46	PyBDEI (psi)					0.5368619358043037	0.5709229474597952	0.2607110029969161	0.5344645405965848	2.18986901548819	3.83566473414944	1.8626762921864493
46	real	50.205434000000004		1.0	0.0	0.5087228651887722	0.5836956750750815	0.2607110029969161	0.539501293138565	2.2388609163610402	3.8356647341494403	1.9657068090087306
46	PyBDEI (lambda)					0.5400384328747536	0.5836956750750815	0.2698720401970061	0.5109887504153753	2.162860867872732	3.705459814473562	1.851720061249643
47	PyBDEI (p)					0.20743483922032185	0.3989089237938939	0.1800605140835055	0.434385290645901	2.2154158885100954	5.553688464624933	4.820790971076342
47	PyBDEI (mu)					0.2166376585402171	0.4089216145099621	0.19047195329284747	0.3981896726766942	2.1468862341179014	5.25011678996391	4.61600262271279
47	PyBDEI (psi)					0.2050869763489095	0.3916442171399748	0.1738321219851434	0.4526965329051506	2.253002567462455	5.752676712336661	4.875980024683402
47	real	97.1488519		1.0	0.0	0.2166376585402171	0.3863902700850797	0.1738321219851434	0.434385290645901	2.2227783085919106	5.752676712336661	4.61600262271279
47	PyBDEI (lambda)					0.2061946676474048	0.3863902700850797	0.17186159717042793	0.4586169936087807	2.2482641639941976	5.818635555960428	4.849785939712133
48	PyBDEI (mu)					0.05767667825069811	0.8764005468083894	0.22390625764674293	0.5795644909900878	3.914140480124889	4.466154767222721	17.3380303847144
48	PyBDEI (psi)					0.05703944412270452	0.8681347084481612	0.2174979871765889	0.5944795951549411	3.991460885306095	4.5977436986030105	17.531727655844218
48	real	124.41388627		1.0	0.0	0.05767667825069811	0.8820970383435555	0.2174979871765889	0.566260800361252	4.05565609960046	4.5977436986030105	17.3380303847144
48	PyBDEI (lambda)					0.05751043440003871	0.8820970383435555	0.22491530337678428	0.5769845643199968	3.92190760299597	4.446118094173309	17.388148958223255
48	PyBDEI (p)					0.05862256951122648	0.8784129272198321	0.22763251142059585	0.566260800361252	3.858908034436221	4.393045588080796	17.058276502337474
49	PyBDEI (psi)					0.04543207044174912	0.1686427791746326	0.12106757480438787	0.2559550110213671	1.3929640487728712	8.25984993600249	22.010883287437967
49	PyBDEI (p)					0.045290227818979116	0.1682336980366708	0.12072087058574928	0.257488166109756	1.3935759179037122	8.283571806166604	22.079818277728876
49	PyBDEI (lambda)					0.04525744460263231	0.16741114593183976	0.12007769177409905	0.25866489605118465	1.394190240155421	8.32794156204543	22.095812275309886
49	real	815.0646709999999		1.0	0.0	0.04536850292246408	0.16741114593183976	0.12106757480438787	0.257488166109756	1.3827909430112104	8.25984993600249	22.041723565554395
49	PyBDEI (mu)					0.04536850292246408	0.16830928885734492	0.12080526305834326	0.25696807088304513	1.3932281143749463	8.277785045814165	22.041723565554395
50	PyBDEI (lambda)					0.13375956291053734	0.6480428149757512	0.5399652000244927	0.30070179207924325	1.2001566303649869	1.8519712010230291	7.476100984785902
50	PyBDEI (mu)					0.138268211809818	0.6504777472516933	0.5453744324559001	0.2898267922201755	1.1927177156481241	1.833602641577558	7.2323203353165315
50	PyBDEI (psi)					0.13423583799705066	0.6501451287827539	0.5436417787985566	0.2988282900862359	1.195907220779773	1.8394465602146892	7.449575425766491
50	real	448.71503229999996		1.0	0.0	0.138268211809818	0.6480428149757512	0.5436417787985566	0.28866648045017795	1.19204012687899	1.8394465602146894	7.232320335316531
50	PyBDEI (p)					0.13643053266719288	0.6554826922096931	0.5483478722579063	0.28866648045017795	1.1953774699820439	1.8236598527907968	7.329737562774081
51	real	42.13939190000001		1.0	0.0	0.23083118039168324	1.4158988741153629	0.4788558566758258	0.41069160617170297	2.9568373329385698	2.08831109833742	4.3321703692853
51	PyBDEI (lambda)					0.2364755525740279	1.4158988741153629	0.4834717802355844	0.4075470954313793	2.9286070707693197	2.06837304860425	4.228766944891495
51	PyBDEI (mu)					0.23083118039168324	1.4347257482300335	0.4827866532618027	0.4114231573182888	2.9717593444987367	2.071308295794428	4.3321703692853
51	PyBDEI (p)					0.2334971966266756	1.4251954135648157	0.4824555002630391	0.41069160617170297	2.954045321874839	2.072730022675233	4.282706663921276
51	PyBDEI (psi)					0.23339904340670986	1.4206338303976191	0.4788558566758258	0.4121899305529911	2.9667253946929484	2.08831109833742	4.2845077057897285
52	PyBDEI (mu)					0.157950507269514	0.8680984336341965	0.19024572185289995	0.06811326222299757	4.563037871124481	5.256359986760757	6.33109710938554
52	PyBDEI (psi)					0.17962457647785568	0.8644049314971586	0.21559957509482972	0.05667129801037411	4.009307212766801	4.6382280649679295	5.567166918961567
52	real	61.11107079999999		1.0	0.0	0.157950507269514	0.9219938597309056	0.21559957509482972	0.06056769338979099	4.276417795931992	4.63822806496793	6.33109710938554
52	PyBDEI (lambda)					0.1879258284888112	0.9219938597309056	0.25231319834185634	0.047311776958874494	3.6541642125344014	3.963328143639601	5.32124832462579
52	PyBDEI (p)					0.17469722128285647	0.8542454459359855	0.20555621015564404	0.06056769338979099	4.1557754216676965	4.86484937255272	5.724189501451062
53	real	82.268833		1.0	0.0	0.13756376622846495	0.5610734557865708	0.12890198043790418	0.117591641176865	4.35271400703464	7.757832708254851	7.26935607694258
53	PyBDEI (psi)					0.1354468148530674	0.5684174745814341	0.12890198043790418	0.11642529598196467	4.40968767625147	7.757832708254851	7.382971693242098
53	PyBDEI (p)					0.13462119524227872	0.5686557749259877	0.1284665518090828	0.117591641176865	4.4264889725621375	7.784127353913287	7.428250790674476
53	PyBDEI (lambda)					0.13663322907461134	0.5610734557865708	0.12715088714792666	0.1180942826376925	4.412658600909492	7.864671827547734	7.318863842805982
53	PyBDEI (mu)					0.13756376622846495	0.5766078832920227	0.13509304970372146	0.11034112064238666	4.26822759984031	7.4023053161738845	7.26935607694258
54	PyBDEI (mu)					0.08871509305463961	0.29695708546734034	0.15034087887783387	0.5449610758078568	1.975225152891689	6.6515508454130705	11.2720391262409
54	real	175.05563999999998		1.0	0.0	0.08871509305463961	0.284023547835042	0.1438108095894452	0.571322235379891	1.97498052229787	6.95358021316218	11.2720391262409
54	PyBDEI (psi)					0.0868026039037101	0.28988921308736315	0.1438108095894452	0.5736661196413616	2.0157678961334438	6.95358021316218	11.520391728217016
54	PyBDEI (p)					0.08668974786654267	0.2917152381047837	0.1455630659162653	0.571322235379891	2.004047086179072	6.869874536547937	11.535389415822067
54	PyBDEI (lambda)					0.08722946926755605	0.284023547835042	0.14204595334111525	0.5829833913504738	1.9995187554056932	7.039975278975791	11.464015640548416
55	real	25.128438400000004		1.0	0.0	0.2599024943443348	2.242600085634396	0.5056134603067169	0.8474586090916709	4.43540423997807	1.97779544752107	3.84759677864091
55	PyBDEI (p)					0.25586644475530523	2.2950156378300117	0.5444156813577365	0.8474586090916709	4.215557553570823	1.8368317339905904	3.908288955030183
55	PyBDEI (psi)					0.25475762228549426	2.249207607955153	0.5056134603067169	0.8846909643103334	4.448472567543457	1.97779544752107	3.9252996280494
55	PyBDEI (lambda)					0.2639803276794483	2.242600085634396	0.5459486439042089	0.8407352220404042	4.107712530609159	1.831674116541002	3.788161067874351
55	PyBDEI (mu)					0.2599024943443348	2.298740910987238	0.5540764017186001	0.8286099187231185	4.148779669838212	1.8048052523050282	3.84759677864091
56	PyBDEI (mu)					0.052012893997770114	0.1839220795384776	0.11931010292610787	0.060946463882102266	1.5415465667009418	8.381519883687707	19.2260019225785
56	PyBDEI (lambda)					0.052646004690835545	0.1824615783230152	0.11861223590905115	0.06000437002093328	1.5383031685105577	8.430833398729408	18.99479373358938
56	PyBDEI (psi)					0.052032859818596615	0.18246097149886165	0.11805447065931254	0.060773967101697975	1.5455659618805675	8.4706660782534	19.21862460541903
56	real	714.375683		1.0	0.0	0.052012893997770114	0.1824615783230152	0.11805447065931254	0.06207959311582401	1.5455711020853407	8.4706660782534	19.2260019225785
56	PyBDEI (p)					0.051212834538065015	0.18339629307416666	0.11834076505948765	0.06207959311582401	1.5497305005758315	8.450173526403342	19.52635523926584
57	PyBDEI (p)					0.1278745552935939	0.7837928727408877	0.19579420648529347	0.21952725295304398	4.003146399532308	5.107403420923551	7.82016404830537
57	PyBDEI (mu)					0.122791979375173	0.7700358565708475	0.18277311039421454	0.24053316713874404	4.213069717476461	5.47126433337567	8.14385438762776
57	PyBDEI (lambda)					0.1223928505484338	0.780403337014967	0.18613569474411368	0.23614580511300495	4.19265814699223	5.372424678537505	8.170411878790876
57	real	65.18079000000002		1.0	0.0	0.122791979375173	0.780403337014967	0.19255401671692676	0.21952725295304398	4.052906038113119	5.193347908551281	8.14385438762776
57	PyBDEI (psi)					0.12585165788366146	0.7811712723699233	0.19255401671692676	0.2265690696122194	4.056894193582685	5.1933479085512815	7.945862746793612
58	real	79.38840390000001		1.0	0.0	0.9136373886066594	0.351275637310924	0.19289660605165185	0.331334667592652	1.8210565986674905	5.1841243890638	1.09452613528114
58	PyBDEI (p)					0.9295343112959512	0.3516954527253074	0.19461670762145705	0.331334667592652	1.807118499863739	5.1383049904691065	1.0758075176437607
58	PyBDEI (mu)					0.9136373886066594	0.354332747846345	0.19635281162794224	0.32971444185239673	1.8045718057643605	5.092873342169621	1.09452613528114
58	PyBDEI (lambda)					0.927807837200467	0.351275637310924	0.1941514574794929	0.33267356453832353	1.8092866356567383	5.150618043161608	1.0778093910236444
58	PyBDEI (psi)					0.9296542992575492	0.3497454543741457	0.19289660605165185	0.3352343118022835	1.8131239399852088	5.1841243890638	1.0756686660822534
59	PyBDEI (p)					0.1878106206271823	1.7556302819714356	0.524945440671075	0.63595888224514	3.3444052390036743	1.904959873013906	5.324512515109955
59	real	41.4797075		1.0	0.0	0.1903061449480532	1.698200128591848	0.5084974514619977	0.63595888224514	3.33964334277251	1.9665781944921599	5.254691067768539
59	PyBDEI (mu)					0.1903061449480532	1.8100615690411197	0.5516019636009145	0.5959902314867909	3.281463244301835	1.8129014506618084	5.2546910677685394
59	PyBDEI (lambda)					0.2006171977821994	1.698200128591848	0.534181264692006	0.6101794152467023	3.1790709274893474	1.8720237232142016	4.9846175255904654
59	PyBDEI (psi)					0.1892475616026637	1.736876375034914	0.5084974514619977	0.6352982798329126	3.4157032056722487	1.96657819449216	5.284083934986484
60	PyBDEI (mu)					0.12300247803566698	0.2765141480734384	0.16423139374043128	0.8546093054371177	1.683686302452445	6.088969820109463	8.129917510361299
60	real	259.432656		1.0	0.0	0.12300247803566698	0.2773905052899667	0.16309292888037394	0.880710646337615	1.7008125808656502	6.131473674946902	8.129917510361299
60	PyBDEI (p)					0.1242678370753658	0.2693038938290397	0.15962478859310594	0.880710646337615	1.68710571962299	6.264691147369758	8.047134508292128
60	PyBDEI (lambda)					0.1266087953641026	0.2773905052899667	0.16638035637820092	0.8326955700990347	1.667207062950553	6.010324907147631	7.8983454279317
60	PyBDEI (psi)					0.12605476305165206	0.2741641806816426	0.16309292888037394	0.8484113473817736	1.6810304564628775	6.131473674946902	7.933060011308269
61	PyBDEI (p)					0.06756291830155157	0.8935595281433891	0.2122868094936486	0.7442083574994129	4.209208901272425	4.710608268055953	14.801018445306484
61	PyBDEI (mu)					0.07004997879593602	0.8927360030192403	0.21883671197102667	0.7130276937380704	4.079461782159457	4.5696171862260355	14.2755218086949
61	PyBDEI (lambda)					0.07054795538529017	0.8778072703073908	0.21659756103103311	0.7213451486309246	4.052710779054537	4.616857157762384	14.174755236188009
61	real	88.34106429999999		1.0	0.0	0.07004997879593602	0.8778072703073908	0.2102390319427957	0.7442083574994129	4.1752821167205285	4.756490698987292	14.275521808694899
61	PyBDEI (psi)					0.06825755589240359	0.8907673704520906	0.2102390319427957	0.7366600580704143	4.236926712516737	4.756490698987292	14.65039272100996
62	PyBDEI (mu)					0.1688781216486009	1.2995058885901922	0.4276013438970619	0.1260554335769499	3.0390594116164125	2.3386268875729583	5.9214301428623495
62	PyBDEI (lambda)					0.17387605441073506	1.2178507935885243	0.4011622546165088	0.13262342442421815	3.0358060350237324	2.4927569543050616	5.751223211206362
62	PyBDEI (psi)					0.16404718293513856	1.242372112997941	0.3910850578661515	0.13812877491265424	3.176731219997522	2.55698851154331	6.095807206853304
62	real	71.0717439		1.0	0.0	0.1688781216486009	1.2178507935885243	0.3910850578661515	0.137429473566679	3.11403048797976	2.55698851154331	5.9214301428623495
62	PyBDEI (p)					0.16349318116356615	1.2604819958002549	0.4010352291821962	0.137429473566679	3.1430704937585405	2.4935465196891347	6.116463040740236
63	real	221.503411		1.0	0.0	0.021548245121064	0.4978410543960198	0.10492488597725393	0.07098842626741701	4.744737625961719	9.530627464458568	46.4074913934626
63	PyBDEI (psi)					0.020899943017357536	0.5052532726676243	0.10492488597725393	0.07051778916796501	4.8153807169936345	9.530627464458568	47.847020404289786
63	PyBDEI (mu)					0.021548245121064	0.5076123284173579	0.1090430333933832	0.06780250356448878	4.655155974853503	9.170691321401561	46.4074913934626
63	PyBDEI (lambda)					0.022174946380806384	0.4978410543960198	0.10920736187741027	0.06712623361001985	4.558676684772101	9.156891832279044	45.095937677917185
63	PyBDEI (p)					0.02093058682889585	0.5053070395078619	0.10558132573754342	0.07098842626741701	4.7859508864660985	9.471371883374754	47.77696909192454
64	real	2663.6048648000024		1.0	0.0	0.037711049563551036	0.19818840296493948	0.18508160601107848	0.524067573402039	1.0708163130650403	5.4030220590377995	26.517426896718693
64	PyBDEI (mu)					0.037711049563551036	0.19420149781340584	0.1839098606011048	0.5240121278598079	1.0559602251813094	5.437446348616245	26.517426896718693
64	PyBDEI (lambda)					0.03793852908196765	0.19818840296493948	0.18733953663781436	0.514626043620443	1.0579101802098474	5.3379015340115386	26.358428336519367
64	PyBDEI (p)					0.037694230756973375	0.19413876238644204	0.18384308775081895	0.524067573402039	1.0560025114981628	5.4394212599137814	26.52925871991701
64	PyBDEI (psi)					0.03778904340293987	0.19534700164891888	0.18508160601107848	0.5205250345671343	1.055464159076002	5.4030220590378	26.46269685467093
65	PyBDEI (p)					0.5783342393774284	1.8145853218197583	0.4873026551782239	0.7316640407464409	3.7237337054034727	2.0521127668271464	1.7291039193468658
65	real	17.959547999999995		1.0	0.0	0.5433503868218993	1.8734368773331291	0.4508041590666495	0.7316640407464409	4.15576662205583	2.2182581502140803	1.8404330322631801
65	PyBDEI (lambda)					0.5904333944189707	1.8734368773331291	0.5250751932576591	0.6676698816505958	3.5679401757870086	1.904489133824479	1.6936711396279889
65	PyBDEI (mu)					0.5433503868218993	1.8679097398474205	0.4876542719994447	0.7454133025636281	3.8303975728311626	2.050633117392518	1.84043303226318
65	PyBDEI (psi)					0.5733642850443792	1.7666679458428884	0.4508041590666495	0.7857728445386851	3.918925569587955	2.2182581502140803	1.744091890764697
66	PyBDEI (mu)					0.051294469765019016	0.4793468313592466	0.16166671789197776	0.6950259245495835	2.9650310070594483	6.185565050366018	19.4952790150872
66	PyBDEI (psi)					0.051630837808550115	0.4792093172304572	0.16262423028674672	0.6909097816759641	2.9467276578987813	6.149145168814959	19.368269864379368
66	PyBDEI (lambda)					0.05089956738061842	0.4881489139098704	0.16371279021630988	0.6867257624924651	2.981739626237453	6.1082582410251725	19.64653240610412
66	PyBDEI (p)					0.05244606907788085	0.4837227786086303	0.16594020463305556	0.669291842439362	2.9150426786461363	6.026267125627	19.067205942833
66	real	144.19267576599998		1.0	0.0	0.051294469765019016	0.4881489139098704	0.16262423028674672	0.669291842439362	3.0016985356311494	6.149145168814959	19.4952790150872
67	PyBDEI (psi)					0.08581549548568827	0.4493500504418194	0.3533654138431573	0.5326712290015839	1.2716299695398747	2.82993173871808	11.652907139209766
67	PyBDEI (lambda)					0.08610918807933926	0.4541774390016771	0.3575659607193397	0.5271540107034127	1.2701920453724889	2.7966867930835257	11.613162570742395
67	PyBDEI (p)					0.08619774919987461	0.4531905633562278	0.357049305391186	0.526703751306	1.2692660551732726	2.8007336379058128	11.601230998285216
67	PyBDEI (mu)					0.08646411798231522	0.4524205463598069	0.3567348137435311	0.5269812797551048	1.2682265058802686	2.8032027194265776	11.5654912504229
67	real	341.2862023600001		1.0	0.0	0.08646411798231522	0.4541774390016771	0.3533654138431573	0.526703751306	1.2852911496405408	2.8299317387180802	11.5654912504229
68	PyBDEI (lambda)					0.0697684511666605	0.9954866608963896	0.24084897128597754	0.18574202100039186	4.1332402442125264	4.1519795358088825	14.333125979982471
68	PyBDEI (p)					0.07253852526568333	0.9921670614171756	0.248226552965726	0.177217400892237	3.997022274865854	4.02857787796004	13.78577792059252
68	real	117.21786429999999		1.0	0.0	0.07226518535204789	0.9954866608963896	0.25075341189139755	0.177217400892237	3.9699825154424597	3.98798162887253	13.837922024670508
68	PyBDEI (mu)					0.07226518535204789	0.9809705786509284	0.24382982609493584	0.18180724863164655	4.023177124643417	4.101220986847799	13.837922024670508
68	PyBDEI (psi)					0.07228358208552177	0.998465576267452	0.25075341189139755	0.1775030546815632	3.9818623752162217	3.98798162887253	13.834400165958266
69	real	117.72563429999998		1.0	0.0	0.07909186716948975	1.1637631287452352	0.3132835616540037	0.35063685813030804	3.7147277137717087	3.1919963968758087	12.6435250018444
69	PyBDEI (mu)					0.07909186716948975	1.1540043621013203	0.3022389692867958	0.3671852636228543	3.818185208957225	3.3086401874640328	12.6435250018444
69	PyBDEI (lambda)					0.07809759464477609	1.1637631287452352	0.30204205806069745	0.3682266771699288	3.8529837076906985	3.310797199637155	12.804491669025936
69	PyBDEI (psi)					0.08024857502674576	1.1705001112240052	0.3132835616540037	0.3547851497266806	3.7362321375697585	3.1919963968758087	12.461280460951654
69	PyBDEI (p)					0.08095162911299575	1.1662925739277406	0.3121166723662841	0.35063685813030804	3.73671987813275	3.2039300958151036	12.353055904584169
70	PyBDEI (mu)					0.2723032250249573	1.3994209387913519	0.3797276685288066	0.5967297861401392	3.6853278145708535	2.633466251944027	3.6723766305314505
70	PyBDEI (lambda)					0.28088555483217154	1.3947535496365449	0.3878943453699399	0.5776354976873446	3.5957047744698376	2.5780215977273064	3.5601688402862077
70	PyBDEI (p)					0.27976177294676263	1.390171937137124	0.3845008290197389	0.584157405024765	3.6155239006409463	2.600774626544859	3.5744697692857965
70	real	27.3403215		1.0	0.0	0.2723032250249573	1.3947535496365449	0.3867177336222568	0.584157405024765	3.6066449205014486	2.5858653820535498	3.6723766305314505
70	PyBDEI (psi)					0.2807293461000667	1.3929999221443214	0.3867177336222568	0.5793763725863941	3.602110275876291	2.5858653820535498	3.562149856764698
71	real	86.509571		1.0	0.0	0.13067735491126306	0.4572430631637733	0.12148112555177235	0.4615968161577801	3.7639020966175294	8.23173143529876	7.652435272194281
71	PyBDEI (lambda)					0.12900119758833584	0.4572430631637733	0.12515118098865624	0.4741091372346354	3.653525756222932	7.99033610470396	7.751866019036235
71	PyBDEI (psi)					0.12978330494928506	0.44674355390424697	0.12148112555177235	0.4901903703690858	3.6774729561906767	8.23173143529876	7.7051512934638735
71	PyBDEI (mu)					0.13067735491126306	0.44341767046456976	0.12029572387495563	0.4932995753837203	3.686063445825317	8.312847437864665	7.652435272194282
71	PyBDEI (p)					0.13278229290026974	0.452993500333182	0.12679168184608638	0.4615968161577801	3.5727383195616502	7.886952719926135	7.531124656441058
72	PyBDEI (p)					0.06815152868983046	0.2399067072129266	0.21920441936111024	0.319331660323189	1.0944428397573138	4.561951820654822	14.67318516876085
72	PyBDEI (lambda)					0.06865966485956111	0.2393875782371885	0.219097247601071	0.3149158410833043	1.0926087883726494	4.564183306495868	14.564591919366851
72	PyBDEI (psi)					0.06833362782769374	0.23758412079676774	0.21662403971064767	0.3185089166568804	1.0967578719061708	4.616292823897731	14.634083273341556
72	real	1174.7959181		1.0	0.0	0.06804497628753181	0.2393875782371885	0.21662403971064767	0.319331660323189	1.10508315954659	4.616292823897731	14.6961620763065
72	PyBDEI (mu)					0.06804497628753181	0.24219461753057805	0.2212759440167409	0.3155859217896629	1.0945365914346952	4.519244079800846	14.6961620763065
73	real	242.95244040000003		1.0	0.0	0.0455061483669881	0.31819582649715866	0.13775130063337335	0.7415413138540641	2.30992974319742	7.259459586966162	21.9750525123642
73	PyBDEI (p)					0.044437742333407707	0.3261843551550357	0.13530904535568794	0.7415413138540641	2.4106618615007758	7.390488916474815	22.50339345543694
73	PyBDEI (psi)					0.04477526288573412	0.3293339561579127	0.13775130063337335	0.727232997700113	2.3907865453440533	7.259459586966162	22.33376055327664
73	PyBDEI (lambda)					0.04512223875574842	0.31819582649715866	0.133619500219106	0.746849140706453	2.3813577058392594	7.483937586656323	22.162020936352665
73	PyBDEI (mu)					0.0455061483669881	0.3267882360037416	0.1374553972147596	0.7245053951743975	2.377412910845322	7.27508719383063	21.9750525123642
74	PyBDEI (mu)					0.15730131081714605	1.165600086775426	0.34020133808387026	0.3140170929076275	3.42620664968716	2.9394358224230985	6.35722610832178
74	PyBDEI (psi)					0.15356852668092005	1.1431445821419906	0.3226588412987172	0.3328705155407713	3.54288937981919	3.0992487172362995	6.511750953226043
74	PyBDEI (lambda)					0.15758636738675166	1.1300656775237978	0.3265347384184291	0.3276671385307766	3.4607824055635565	3.0624613014942903	6.345726578910089
74	PyBDEI (p)					0.15444977243932145	1.150684394546092	0.3287596897211857	0.32800346569803995	3.500077505006662	3.041735441617186	6.474596784484542
74	real	54.80405639999999		1.0	0.0	0.15730131081714605	1.1300656775237978	0.3226588412987172	0.32800346569803995	3.5023546014584	3.0992487172362995	6.35722610832178
75	PyBDEI (mu)					0.05779730721915105	0.4960726186820045	0.12332289743974542	0.6181170692963409	4.0225507913028204	8.10879423659821	17.3018441189359
75	PyBDEI (p)					0.059285181764837186	0.4931387168547134	0.1250688329555382	0.605017677164895	3.942938501952949	7.99559711535406	16.867621389213873
75	PyBDEI (psi)					0.059619090181351066	0.4964643070741958	0.1276256694048513	0.5944855564742675	3.890003550142588	7.835414338379079	16.773150964870002
75	PyBDEI (lambda)					0.05784576777972365	0.5084298586916725	0.1271746156195229	0.5969711994551835	3.997887913518664	7.863204422742423	17.28734941868166
75	real	127.486924		1.0	0.0	0.05779730721915105	0.5084298586916725	0.1276256694048513	0.605017677164895	3.9837586048527798	7.8354143383790795	17.3018441189359
76	PyBDEI (p)					0.17558258315751535	1.3032110357283828	0.4511233999561283	0.691824159284543	2.888812763547888	2.216688383039429	5.695325709514702
76	PyBDEI (lambda)					0.1713704705406352	1.3058667507996935	0.4433093418594325	0.7119314579299265	2.945723510635529	2.2557611707562137	5.835311047727332
76	real	47.9866224		1.0	0.0	0.17265877407994604	1.3058667507996935	0.4428951181050823	0.691824159284543	2.94847853908803	2.2578709024350494	5.7917705331150495
76	PyBDEI (mu)					0.17265877407994604	1.2876769299625586	0.4391124984141052	0.7180653395329033	2.9324533795169145	2.277320740383366	5.7917705331150495
76	PyBDEI (psi)					0.1729121274360941	1.2923056962698825	0.4428951181050823	0.7133700362217505	2.917859428658834	2.2578709024350494	5.783284346955861
77	PyBDEI (p)					0.3158877076564976	3.2273643599636026	0.942575593461321	0.362849399126009	3.4239846462734014	1.0609228659611325	3.1656819045564735
77	real	25.713375699999997		1.0	0.0	0.30345948987953064	3.2322798643299904	0.8874256126725684	0.362849399126009	3.6423107674294704	1.1268550126566699	3.2953327654936304
77	PyBDEI (psi)					0.3017065679106803	3.162705606587616	0.8874256126725684	0.3970297686782708	3.5639106663406084	1.12685501265667	3.314478723234319
77	PyBDEI (lambda)					0.29451378068694384	3.2322798643299904	0.8904502830048048	0.3964679672154853	3.629938611982618	1.1230273257093275	3.395426854619612
77	PyBDEI (mu)					0.30345948987953064	3.1263052236392435	0.8757901439615822	0.40088158853381023	3.569696742072931	1.1418260491909196	3.2953327654936304
78	PyBDEI (p)					0.02495898917953861	0.4935840795818096	0.10383798836519036	0.9070111542725501	4.753405640389638	9.630386872317631	40.06572513039913
78	PyBDEI (mu)					0.024982913692043	0.4909618268764869	0.10317418771163224	0.9137247749910292	4.758572253059127	9.692346721400517	40.0273567897926
78	real	152.52635010000003		1.0	0.0	0.024982913692043	0.4912263757093617	0.10267710145103404	0.9070111542725501	4.784186237898661	9.739269865120733	40.0273567897926
78	PyBDEI (psi)					0.02485851289203534	0.4922108373204909	0.10267710145103404	0.9154365789363332	4.7937741752013	9.739269865120733	40.22766785540095
78	PyBDEI (lambda)					0.024949369752811812	0.4912263757093617	0.10316978399849068	0.9137319005322676	4.761339577065977	9.692760430850855	40.08117278743281
79	real	815.1797240000001		1.0	0.0	0.13422950669592504	0.2239345528162022	0.20157870289601468	0.176087602239528	1.1109038286238	4.96084152558445	7.44992680532855
79	PyBDEI (p)					0.1343181428250083	0.2257672530004965	0.2023898206826294	0.176087602239528	1.1155069570150251	4.940959958495716	7.445010621557023
79	PyBDEI (mu)					0.13422950669592504	0.2277663135573042	0.2042849411022297	0.1747543943141789	1.1149442162911254	4.8951234222378295	7.44992680532855
79	PyBDEI (psi)					0.13385884182735672	0.22495402486475896	0.20157870289601468	0.17729941048252215	1.1159612678964528	4.96084152558445	7.470556194485391
79	PyBDEI (lambda)					0.13348407688378913	0.2239345528162022	0.20061602365880385	0.17860020429492002	1.116234629378644	4.984646698514681	7.491530250987143
80	PyBDEI (lambda)					0.04434227923083805	0.8961836333111869	0.19362234080264845	0.8376363210230441	4.628513577493783	5.164693267597979	22.55184030559587
80	real	80.7908858		1.0	0.0	0.04653167385329602	0.8961836333111869	0.20769044028067613	0.7823454687341759	4.314997031640312	4.81485810636534	21.4907377532297
80	PyBDEI (mu)					0.04653167385329602	0.8624717995363781	0.1933172438179898	0.8363575364282033	4.46143231975935	5.1728442856422605	21.4907377532297
80	PyBDEI (psi)					0.046704013726548206	0.8864620216393092	0.20769044028067613	0.799877419759919	4.268188850875035	4.81485810636534	21.411435981819373
80	PyBDEI (p)					0.047606635353558885	0.8828397253543455	0.20340222417013298	0.7823454687341759	4.340364167384455	4.916367085364629	21.005475236242333
81	PyBDEI (mu)					0.033155856723351015	0.39485263283340666	0.11555420022265404	0.5292521690419592	3.4170340158349086	8.65394765463448	30.160583945813702
81	real	282.25969720000006		1.0	0.0	0.033155856723351015	0.41106455860752616	0.11788032158965625	0.504524531724421	3.4871346893542596	8.48318011449799	30.160583945813705
81	PyBDEI (psi)					0.0340472689379295	0.3938666064036041	0.11788032158965625	0.5168603482684886	3.341241363207861	8.48318011449799	29.37093139021131
81	PyBDEI (lambda)					0.032882275057642754	0.41106455860752616	0.11990948965652135	0.5094288559224381	3.428123660479361	8.339623518242655	30.411521047342262
81	PyBDEI (p)					0.03450427812345765	0.3955758183895619	0.11936027165566428	0.504524531724421	3.3141330268645524	8.37799701800984	28.98191338540575
82	PyBDEI (lambda)					0.038970415033512604	0.7315427809163592	0.1576586795427004	0.9167529529108944	4.640041278020647	6.342816030811416	25.660491404570628
82	PyBDEI (psi)					0.038764161793358135	0.7385928356537664	0.1598195275157893	0.9101959771406798	4.621417965215781	6.25705766713148	25.79702368725899
82	PyBDEI (p)					0.03894075339248074	0.7391481731831567	0.15961117835367375	0.903842773768335	4.630929868491531	6.2652253452083055	25.680037310040717
82	real	123.92891699999998		1.0	0.0	0.03847822854266194	0.7315427809163592	0.1598195275157893	0.903842773768335	4.57730536616739	6.25705766713148	25.9887223989865
82	PyBDEI (mu)					0.03847822854266194	0.7395659325648919	0.15789547576523155	0.9160759985502428	4.683895652998461	6.333303694444418	25.9887223989865
83	real	121.252954		1.0	0.0	0.06430333404620288	0.8110338513184452	0.20742622269937624	0.6175750552243111	3.9099870824619902	4.8209912275619295	15.5512931768279
83	PyBDEI (mu)					0.06430333404620288	0.7896440873425993	0.20430620020736012	0.6474857619521219	3.8650030519932903	4.894614059607844	15.551293176827901
83	PyBDEI (p)					0.0640121062523487	0.8145473986339667	0.21204020290816106	0.6175750552243111	3.8414762269717495	4.716086790546604	15.62204493096661
83	PyBDEI (lambda)					0.06151288494696009	0.8110338513184452	0.20353274632065496	0.6546070578823243	3.984783117114259	4.913214301272944	16.256756626879994
83	PyBDEI (psi)					0.06260604500552297	0.8081974836125974	0.20742622269937624	0.6439041112473668	3.8963129786339583	4.8209912275619295	15.972898462309544
84	PyBDEI (lambda)					0.059676937927252864	0.4359138086073677	0.12971098086950736	0.8886439272680197	3.360654631437167	7.709447521686897	16.7568919373681
84	PyBDEI (mu)					0.060459993987390076	0.4369737125362681	0.1308730656544319	0.8777727970020432	3.3389124824972747	7.640991635669963	16.539862710018898
84	PyBDEI (psi)					0.05899351718817589	0.4368683164200053	0.1269856997489026	0.9004621436902505	3.440295381951312	7.874902465217482	16.95101508883133
84	PyBDEI (p)					0.05908786209082261	0.4404219492575018	0.13001379003757932	0.887936182248978	3.387501811386328	7.691491800300253	16.923949600053607
84	real	148.28632040000002		1.0	0.0	0.060459993987390076	0.4359138086073677	0.1269856997489026	0.887936182248978	3.4327787260245017	7.874902465217482	16.539862710018898
85	PyBDEI (lambda)					0.21084913259304036	0.5660064406372672	0.15493925274344136	0.7819226722900582	3.6530861651598254	6.454142396413039	4.742727597225163
85	PyBDEI (mu)					0.20972594639148107	0.5717149122255106	0.1566994466621244	0.7731826300187379	3.6484807343209273	6.381643466528645	4.76812724989863
85	PyBDEI (psi)					0.20749445664547952	0.5575679821655533	0.14606259734590474	0.8306939114284632	3.817322109130536	6.846379690426871	4.819405858675917
85	real	69.14749030000002		1.0	0.0	0.20972594639148107	0.5660064406372672	0.14606259734590474	0.8128307659723	3.875094999829789	6.846379690426871	4.76812724989863
85	PyBDEI (p)					0.2073242996152148	0.5627917580752758	0.1504750019745678	0.8128307659723	3.7401013503252503	6.645622109172742	4.823361284017157
86	PyBDEI (psi)					0.07591716542154872	0.35947546244636663	0.2491962288251991	0.15441433287273154	1.4425397372226039	4.01290181923844	13.172251551375165
86	PyBDEI (p)					0.07670696420181951	0.36687737171901386	0.2557588897964489	0.15070290584563598	1.434465765827342	3.9099325180675866	13.036625949228736
86	real	413.96411		1.0	0.0	0.07631860064898215	0.36292398111624574	0.2491962288251991	0.15070290584563598	1.4563783040666398	4.01290181923844	13.102965613839999
86	PyBDEI (mu)					0.07631860064898215	0.3671589862121208	0.2555658029565299	0.15119048212847178	1.4366514688765781	3.9128865772784684	13.10296561384
86	PyBDEI (lambda)					0.07661497944136438	0.36292398111624574	0.252777451501546	0.15182875303126145	1.4357450752051202	3.9560490623661657	13.052277861215488
87	PyBDEI (psi)					0.03813958472212628	0.13138586060938226	0.1073011420252733	0.12403976129962654	1.2244591076061064	9.31956530121985	26.21947793311605
87	real	1388.6306050000005		1.0	0.0	0.03883141767375	0.1299655614952804	0.1073011420252733	0.124218461890226	1.2112225372649699	9.31956530121985	25.752343331930398
87	PyBDEI (mu)					0.03883141767375	0.13951935202237672	0.11468045618676465	0.11642771752283572	1.2165922308083632	8.719881601895919	25.752343331930398
87	PyBDEI (lambda)					0.038054709929049864	0.1299655614952804	0.1062498184774412	0.12532976664781115	1.223207374447181	9.411780785416765	26.277956181098862
87	PyBDEI (p)					0.037954580558289326	0.13365570273417393	0.10929532634870304	0.124218461890226	1.222885801244144	9.149522064736178	26.347281020909577
88	PyBDEI (lambda)					0.4840336403212858	1.9533979523420488	0.4672993297040306	0.30104843434805195	4.18018565012549	2.1399559905925	2.0659721075093715
88	PyBDEI (p)					0.4978860958433556	1.9563178844759688	0.4828236432707216	0.287064654218774	4.051827021608906	2.071149609049479	2.0084915171333058
88	PyBDEI (psi)					0.4849604757013428	1.924180828539879	0.4558824400888929	0.3094096289693578	4.220782946069783	2.19354796777215	2.06202371142476
88	real	23.2469919		1.0	0.0	0.4951937247384661	1.9533979523420488	0.4558824400888929	0.287064654218774	4.28487210861018	2.19354796777215	2.0194116969639397
88	PyBDEI (mu)					0.4951937247384661	1.9084170037032602	0.4578667997363887	0.3053828261330679	4.168061551529851	2.1840412988575237	2.01941169696394
89	PyBDEI (p)					0.05723576661014947	0.9362015794420734	0.19482474229242308	0.7978862096114008	4.8053525872852285	5.132818287007127	17.471592663575375
89	PyBDEI (psi)					0.0566376999465121	0.9363891540223344	0.19720893191169325	0.8098685231053965	4.748208638144408	5.0707642412859	17.656084215008498
89	real	101.67484100000004		1.0	0.0	0.05757583715002707	0.9349368955130328	0.19720893191169325	0.7978862096114008	4.740844577626339	5.0707642412859	17.368397048127502
89	PyBDEI (mu)					0.05757583715002707	0.9076613582742749	0.1874374039355783	0.8356614375795463	4.84247721754744	5.335114438224385	17.368397048127502
89	PyBDEI (lambda)					0.05526554938389788	0.9349368955130328	0.1875469555679876	0.8387501817799919	4.985081696909281	5.331998042684784	18.094455065552264
90	PyBDEI (psi)					0.2919396059475166	1.4261426343040766	0.34928025440687704	0.5724081495809881	4.0830897719249855	2.86303043868921	3.4253659990887795
90	PyBDEI (p)					0.2887311785266731	1.4339715982869914	0.35459383904550035	0.575876588981556	4.043983398434029	2.8201279601806144	3.463429218495776
90	PyBDEI (mu)					0.27893264075157304	1.5078824807562785	0.37504280943346224	0.5451175231477131	4.020560967517489	2.6663622787771746	3.585094943731
90	PyBDEI (lambda)					0.3053601558796076	1.4520394609171634	0.3838242713953529	0.5173007503444473	3.7830840025786423	2.6053589481577197	3.2748214878245734
90	real	34.28997446		1.0	0.0	0.27893264075157304	1.4520394609171634	0.34928025440687704	0.575876588981556	4.15723317478371	2.86303043868921	3.5850949437310002
91	PyBDEI (mu)					0.024843419902197975	0.14640432909512313	0.1143986071810089	0.5727060926678301	1.2797737026944105	8.741365167302561	40.25210715500271
91	PyBDEI (psi)					0.025250667458839	0.15193796697193718	0.12011065648701252	0.5500203918808639	1.2649832364238731	8.32565593468494	39.602913532091605
91	real	1035.7924360000004		1.0	0.0	0.024843419902197975	0.15584505646256214	0.12011065648701252	0.5723858711868559	1.29751231922884	8.32565593468494	40.25210715500272
91	PyBDEI (p)					0.02486150049567775	0.14651880456280109	0.11449712524449587	0.5723858711868559	1.2796723433005543	8.733843735068556	40.22283370120211
91	PyBDEI (lambda)					0.025246195383448675	0.15584505646256214	0.1211530287096266	0.5427558222987031	1.286348827779482	8.25402394517721	39.60992873625611
92	PyBDEI (lambda)					0.03883847858413269	0.4874823927574786	0.16412180881076066	0.020508508277290442	2.97024750269214	6.093035454861712	25.747661506198806
92	PyBDEI (mu)					0.033180261010920975	0.5314780980934382	0.1622576709624207	0.02225397534533709	3.275519086037725	6.1630368171105	30.1384006494361
92	PyBDEI (psi)					0.033178691819482416	0.4866275728262312	0.14465241205390025	0.024430377721689826	3.3641165461168008	6.913123575342669	30.13982604982646
92	PyBDEI (p)					0.0332650297718886	0.4992517263635101	0.15129591148993699	0.024412580832832997	3.299836204739189	6.609563934359932	30.061599429112
92	real	245.837571		1.0	0.0	0.033180261010920975	0.4874823927574786	0.14465241205390025	0.024412580832832997	3.37002602193618	6.913123575342669	30.1384006494361
93	PyBDEI (lambda)					0.027744715277584157	0.3371102327221689	0.10558482021768467	0.1813797273597456	3.1927907063453564	9.471058414820382	36.042900062050094
93	PyBDEI (p)					0.029244064575204308	0.32658058315551985	0.10568588856951956	0.176422734291013	3.0901058559080665	9.4620011577251	34.19497304926238
93	PyBDEI (psi)					0.02928867715655055	0.33164454262882603	0.10865812577242588	0.1748054077890777	3.052183536861514	9.20317733157302	34.142887186570846
93	PyBDEI (mu)					0.02858901755705904	0.32029245946450713	0.10153275520429852	0.1866721227980912	3.15457271714958	9.849038352085062	34.97846674878429
93	real	302.783343		1.0	0.0	0.02858901755705904	0.3371102327221689	0.10865812577242588	0.176422734291013	3.10248525202997	9.20317733157302	34.97846674878429
94	PyBDEI (psi)					0.09296090653685928	1.1913712909563254	0.2589623324117321	0.7659171368024567	4.600558235095473	3.861565466633462	10.757210070918326
94	PyBDEI (mu)					0.09300458713634634	1.1487871294356888	0.2375846091112985	0.8167490022652372	4.835275878066368	4.209026854645882	10.7521578321076
94	PyBDEI (lambda)					0.08845938509548502	1.1947246443977175	0.2385923046748925	0.8178304088063593	5.007389681011119	4.191250012705174	11.304623007729228
94	real	47.040582		1.0	0.0	0.09300458713634634	1.1947246443977175	0.2589623324117321	0.7397061400763271	4.613507428942169	3.861565466633462	10.7521578321076
94	PyBDEI (p)					0.09540238839416973	1.1903354167282305	0.257270604318779	0.7397061400763271	4.626783615174738	3.8869578693138194	10.481917872625424
95	real	380.19617769999996		1.0	0.0	0.020781772747787003	0.4360822781589954	0.10315203328090508	0.7234656189874109	4.22756841807907	9.694428390730659	48.1190903267137
95	PyBDEI (p)					0.01977860068041539	0.4560537378384147	0.10276065093423893	0.7234656189874109	4.438019160955528	9.7313513578261	50.55969409353574
95	PyBDEI (mu)					0.020781772747787003	0.4401424854184409	0.10251735163573332	0.7233600900327202	4.2933462325710865	9.754446286841466	48.1190903267137
95	PyBDEI (psi)					0.019695091364688957	0.4563313061075399	0.10315203328090508	0.7279485779760446	4.423871169508137	9.69442839073066	50.77407266020028
95	PyBDEI (lambda)					0.020436721780453013	0.4360822781589954	0.10060384056299172	0.7401072531068332	4.334648416189921	9.939978378597422	48.931526824251435
96	PyBDEI (p)					0.28397878172058777	1.3171274904767083	0.4639674127514084	0.278416699249097	2.838836207624821	2.155323784637857	3.5213898515274265
96	PyBDEI (psi)					0.2789300988795621	1.291063788722077	0.44347908067240055	0.29252279157020866	2.9112168870842186	2.25489779243658	3.5851276144701227
96	real	47.69884159000001		1.0	0.0	0.2913660436934683	1.297856679776292	0.44347908067240055	0.278416699249097	2.9265341621266305	2.25489779243658	3.4321089284242405
96	PyBDEI (lambda)					0.2856617834421414	1.297856679776292	0.4569068972364786	0.2818895675380977	2.84052766028736	2.188629688123171	3.5006432710399373
96	PyBDEI (mu)					0.2913660436934683	1.3265808749910213	0.4771462075263762	0.2670148542616912	2.7802397966616748	2.095793667069482	3.4321089284242405
97	PyBDEI (lambda)					0.035775512358636706	0.3230127031716749	0.14043789963883166	0.5349020171484518	2.300039405334147	7.120584988608703	27.952080461499968
97	PyBDEI (psi)					0.03724126482269364	0.33332955802842545	0.1515333977863592	0.4993777301293996	2.1997101820311147	6.5992052881296805	26.85193440021489
97	PyBDEI (p)					0.03809268275834452	0.33223680486418605	0.15018600683233527	0.48029474654307397	2.2121688423015917	6.658409935063927	26.251760904945503
97	PyBDEI (mu)					0.039147417533795935	0.31612322750136346	0.14438203928172025	0.5067069064094656	2.1894913596873318	6.926069232536507	25.5444691629199
97	real	302.85729239999995		1.0	0.0	0.039147417533795935	0.3230127031716749	0.1515333977863592	0.48029474654307397	2.13162713890358	6.5992052881296805	25.5444691629199
98	PyBDEI (mu)					0.022910359183603	0.11631117614621632	0.10352372198235646	0.3315320102889186	1.123521970800463	9.659621783792025	43.6483772247317
98	PyBDEI (psi)					0.022694954334036597	0.1204122855088441	0.10751659766761283	0.3269703073949636	1.1199413683187618	9.3008895528065	44.062657508865634
98	PyBDEI (lambda)					0.022651990437075702	0.1211099935046648	0.10731372294564452	0.3270503074640277	1.1285601708740294	9.31847272232378	44.14623089206535
98	PyBDEI (p)					0.022888441226830827	0.1189358993147063	0.10583932011993596	0.32154396609581104	1.123740205246306	9.448284426494908	43.690174883021584
98	real	2656.5140299999994		1.0	0.0	0.022910359183603	0.1211099935046648	0.10751659766761283	0.32154396609581104	1.126430673328	9.3008895528065	43.6483772247317
99	PyBDEI (psi)					0.10932466078991288	0.18412058403128734	0.12284323312387455	0.9081617330601236	1.4988256117096903	8.14045653610895	9.1470670274631
99	PyBDEI (mu)					0.10557478287890998	0.18559979579154234	0.12355565440791365	0.9206282051519956	1.502155418794454	8.093518704522769	9.47195885921887
99	real	250.16056		1.0	0.0	0.10557478287890998	0.1896098780028855	0.12284323312387455	0.894496690411466	1.54351097069941	8.14045653610895	9.47195885921887
99	PyBDEI (lambda)					0.11010523214983052	0.1896098780028855	0.12733747654671662	0.8738919569775634	1.4890343608570165	7.853147613091951	9.082220530984449
99	PyBDEI (p)					0.10970359323324516	0.1859468827872552	0.12489302612484238	0.894496690411466	1.4888492060508145	8.006852192054387	9.11547170450343
