	type	T	sampled_tips	observed_trees	unobserved_trees	mu	mu_min	mu_max	lambda	lambda_min	lambda_max	psi	psi_min	psi_max	p	R_naught	R_naught_min	R_naught_max	infectious_time	infectious_time_min	infectious_time_max	incubation_period	incubation_period_min	incubation_period_max
0	PhyloDeep			1	0	0.7407497062369729			1.4523744877410325			0.6125935893000646				2.3708613885438834			1.6324036318149804			1.3499836605808797		
0	real	0.0		23.0	0.0	0.7299648936648243			1.4210610634344352			0.6069550954814479			0.44732297990706804	2.34129521938888			1.6475683414549502			1.3699288947711599		
0	PyBDEI (subtrees)					0.7370681598462165	0.6814829211275722	0.7828865718927285	1.4451313893519724	1.38873805754658	1.535883943958705	0.6157634057400174	0.573731018190728	0.6545566955249397		2.3468939139298644			1.6240003720231009			1.3567266292016225		
0	PyBDEI					0.7277073639951157	0.6712928174725629	0.7893889036522486	1.44927394211076	1.3613187115431964	1.5346048226716267	0.6246539556687822	0.5832979558948366	0.6674986713406073		2.320122891976411			1.6008863642420317			1.3741787557432383		
1	PhyloDeep			1	0	0.23656046344592863			0.9551162922003413			0.2811075569030915				3.3976898476962902			3.557357230153503			4.227249073802112		
1	real	0.0		23.0	0.0	0.2523725112488919			0.9070813841379691			0.2692907505391973			0.6225767763228239	3.36840898665005			3.71345840136623			3.9623966772426797		
1	PyBDEI					0.24881098996105436	0.23034314955169122	0.2693647500206034	0.9178933234551492	0.8689983229792727	0.9579665175009663	0.27738218295850964	0.25962354691466144	0.29464372223608193		3.309128631352815			3.6051342207137305			4.01911507267636		
1	PyBDEI (subtrees)					0.2491725954983809	0.22904784002443615	0.26765455401047983	0.9218470786715278	0.8758752744000791	0.9754534183697381	0.2755259179009311	0.2579906556713587	0.2936752564836922		3.3457726434396267			3.629422624261297			4.0132824318013665		
2	PhyloDeep			1	0	0.0332324541234413			0.48810644893306027			0.1263071844101163				3.8644393128754317			7.9172060138164815			30.09106689158494		
2	real	0.0		29.0	0.0	0.03029711860849503			0.4991666375631278			0.12767654472811538			0.997036566631611	3.90961894078582			7.832292157729361			33.006439091525		
2	PyBDEI (subtrees)					0.03079677265748363	0.006086319693763203	0.1378826215659293	0.5088741042714578	0.14242844750081035	1.1831573740394765	0.12608102265896454	0.022755071524826823	0.3903266448751892		4.03608801340315			7.931407748054924			32.470934897037		
2	PyBDEI					0.030401856370366086	0.007371971521581394	0.11816427321304657	0.5111363866180746	0.12742057273002644	1.1979009919332615	0.12663743563362176	0.022155111200611227	0.3954169712113723		4.036218706266742			7.89655914143056			32.89272825375033		
3	real	0.0		28.0	0.0	0.12040375238506205			1.6863982922081189			0.4226364125557624			0.8293398478248979	3.9901869363554106			2.3660999627382098			8.305388994870441		
3	PhyloDeep			1	0	0.13144626340842133			1.654490897025561			0.425206120253784				3.891032650325162			2.351800579453444			7.607671561517612		
3	PyBDEI (subtrees)					0.13355952777066726	0.12553224098886612	0.14129388633635726	1.637396050793736	1.5513877494039474	1.6939798686424268	0.4217490571761247	0.3998603450393783	0.4446114158560952		3.8823940988917274			2.371078211047178			7.487298111124523		
3	PyBDEI					0.13095585964541107	0.12342704654994116	0.13958542439000934	1.6452141797523718	1.5903228837911363	1.7008118279190154	0.4288316468717821	0.4069429445978631	0.45121118389531895		3.836503653015797			2.331917448944699			7.636160785074438		
4	real	0.0		30.0	0.0	0.04677213720739507			0.2622941833873121			0.14255609998616633			0.6549452351128721	1.8399365822491296			7.014782251317483			21.380250288025998		
4	PyBDEI (subtrees)					0.04736149868157688	0.04487484253609485	0.04991412418067148	0.2708073716928985	0.2587430736016625	0.2806839028568528	0.13986006225067776	0.13351367093032282	0.14682013177006745		1.9362737820573663			7.150003967591928			21.11419671753313		
4	PyBDEI					0.04706322324904404	0.04460771501438593	0.04960903216856803	0.27070762106633645	0.26136728423525746	0.28070033802514716	0.14167823761785733	0.135070967132864	0.14840681176580475		1.9107212626155368			7.0582470308337495			21.248013437335327		
4	PhyloDeep			1	0	0.047239582308722126			0.26596523895053237			0.13637820096315995				1.9502034568000937			7.332550165184622			21.1686884415014		
5	PyBDEI (subtrees)					0.8102862208321809	0.7323940973738182	0.8878065359736778	0.2990109303618114	0.2889517077347612	0.31518149063650724	0.21248774229945994	0.19968491864674534	0.22420943366524126		1.4071914319669978			4.7061538194080645			1.234131809588196		
5	PyBDEI					0.8840244355518653	0.7396211095776112	0.9757186497758884	0.2887484120021579	0.276178238584736	0.2990184409316663	0.2071254972459164	0.19586980361190676	0.2171061144026251		1.3940746834240891			4.8279908234219855			1.1311904510600268		
5	PhyloDeep			1	0	0.5697040772956404			0.3546854310017936			0.25378588598608054				1.3975774485002177			3.940329447851356			1.7552972496650454		
5	real	0.0		26.0	0.0	0.9240026020199156			0.2873148575232718			0.20584751545822136			0.4271495730639	1.39576548632954			4.8579648764473875			1.0822480345985501		
6	PyBDEI (subtrees)					0.4513612723587933	0.404037244180862	0.49882793220012345	0.6440427791847834	0.6191757641625091	0.6772406800701078	0.14084895964247504	0.12799169287791531	0.15488830955149663		4.572577467519773			7.099803949836457			2.215520163646398		
6	PyBDEI					0.4648039893625792	0.42371339150108656	0.498567564597872	0.6340939688741589	0.611917137074627	0.672250009376251	0.1419120312919008	0.1281095633784416	0.1584658793564397		4.468218537228053			7.046618887041976			2.1514445290613264		
6	PhyloDeep			1	0	0.3879278767085387			0.7685455053281195			0.17895062636537565				4.294734927381187			5.588133555667093			2.5777987611633506		
6	real	0.0		25.0	0.0	0.4975835768756962			0.6147459861167709			0.13433231072568294			0.032288791520142	4.576307686481551			7.444225403388452			2.00971263215509		
7	PyBDEI (subtrees)					0.05201456264518325	0.04938520746055578	0.05455611185562113	0.6385192781160404	0.6205249653802156	0.6684989817797863	0.22066647516359572	0.2094666690458737	0.23182887279898767		2.89359440595886			4.531725987187809			19.225385144954284		
7	PyBDEI					0.05204064464614014	0.049096996679343925	0.05564130844626369	0.6370618396721587	0.6011399356490471	0.664827431998642	0.2222866333746024	0.21120208357856401	0.23159113816220123		2.86594758308552			4.4986960521138375			19.215749666432508		
7	PhyloDeep			1	0	0.05479988817312379			0.599611036495733			0.20998887387215306				2.8554419357512844			4.762157068420811			18.24821242044875		
7	real	0.0		31.0	0.0	0.050938770042800896			0.6308707935278659			0.2150041801769944			0.31573505363974197	2.9342257113723296			4.65107236136891			19.6314123635054		
8	PyBDEI (subtrees)					0.05718912670932001	0.054556380119237115	0.05992503220583199	0.413007360199086	0.3977371309149182	0.4274095670760651	0.2118519099411784	0.20337381715523753	0.22047803270849503		1.949509732122591			4.720278425989429			17.485841409727836		
8	real	0.0		39.0	0.0	0.05450624562902902			0.4189545259980157			0.21185512479887966			0.969111940083884	1.9775520011410703			4.720206796740601			18.3465213657537		
8	PhyloDeep			1	0	0.05743704483438356			0.4091311244444121			0.2101579850080335				1.9467788693766388			4.758325028486421			17.410366478349346		
8	PyBDEI					0.056806447464719724	0.05417554871449015	0.05932011483338458	0.41088831893854544	0.3958921259989752	0.4261168457456992	0.21464431283946697	0.20643195856989668	0.22333976334967948		1.9142753586294636			4.65887023406906			17.603635584166053		
9	real	0.0		34.0	0.0	0.04017473589310208			0.1952277932119866			0.16539045395073124			0.488340826384015	1.18040544994298			6.04629817569697			24.891265064214096		
9	PhyloDeep			1	0	0.04084372777371682			0.1891458919245262			0.16362392562142394				1.155979427862844			6.111575652534436			24.483563438191013		
9	PyBDEI (subtrees)					0.04044520192844988	0.03900482261004783	0.04194008380225981	0.1985708166445413	0.19089962048856632	0.20759517285475682	0.16726672523133598	0.16005150102039367	0.1747139288539327		1.1871507400525156			5.978475387839175			24.72481165427393		
9	PyBDEI					0.04032745097873743	0.03886582424720605	0.04176894572081786	0.1981102210883907	0.19142520268483942	0.20632050327265217	0.1685378970253206	0.16321296195328605	0.17396805591611472		1.1754639436294096			5.9333836344817055			24.797004911796886		
10	real	0.0		36.0	0.0	0.08182652247933321			0.2376218173182295			0.10479807680327913			0.09722937388652401	2.267425362817291			9.542159842085098			12.220976398606801		
10	PhyloDeep			1	0	0.08131383718780683			0.2507880103716345			0.10975668811098889				2.2849451335305506			9.111062088433037			12.298029887463631		
10	PyBDEI (subtrees)					0.08092131282808293	0.07593732644755251	0.08550232588104487	0.2388209227176785	0.23010241232492776	0.2482746389595617	0.10500598150869164	0.09861645548341295	0.11104505272747778		2.274355415628496			9.523267014243633			12.357683841888434		
10	PyBDEI					0.08145805693077332	0.07673219443383857	0.0875995211858581	0.23741148656218405	0.22686905118939538	0.2502110924495443	0.10638527176337456	0.10099179006987477	0.11313970925728968		2.2316198720650178			9.399797391355367			12.276256489273301		
11	PyBDEI (subtrees)					0.18417951863910853	0.17376025506540294	0.19616690148071314	0.5191366362005282	0.4994366227328246	0.5372121462203456	0.11671631336675438	0.10993314386679717	0.1237604505610251		4.447849843999611			8.567782610282832			5.429485359658557		
11	PyBDEI					0.18154846312608794	0.17135175524270474	0.19588153277968934	0.5202336143189431	0.4936115443467384	0.5386083304002829	0.11784647895432901	0.11100485894210306	0.12480866774185365		4.4145028254985705			8.485616276983096			5.508171111894712		
11	real	0.0		29.0	0.0	0.17693830377963493			0.5313673599444807			0.11629346656877736			0.9794623100045532	4.569193572282272			8.59893534439089			5.65168750145494		
11	PhyloDeep			1	0	0.1836602143478114			0.5321431218669519			0.12637623782106358				4.210784646243502			7.912879962575738			5.444837378367769		
12	PyBDEI (subtrees)					1.0975198135027375	1.0260078019452255	1.1553425334755423	1.2439762645721102	1.1939045291284658	1.2983504820432963	0.5674004526148514	0.5393455975167885	0.5963115346817373		2.192413239783781			1.7624236910484017			0.9111452820231984		
12	real	0.0		43.0	0.0	1.0078753755368204			1.2514811116154159			0.5541087076859079			0.859900914773923	2.2585479965509005			1.8047000275022604			0.992186161376722		
12	PhyloDeep			1	0	1.081366265061688			1.2519103991613496			0.5383845366428883				2.3253089826235938			1.8574084728278557			0.9247560538084232		
12	PyBDEI					1.0907324182012699	1.0461808877987866	1.150060351218666	1.237942130631293	1.1900939353776676	1.2829555213436654	0.5736018452250916	0.5464317890058936	0.6018668359269215		2.1581906350833			1.7433695660577628			0.9168151448630296		
13	PyBDEI (subtrees)					0.05720248919060355	0.05359993905003925	0.06226994688359974	0.3450415701317836	0.33067276077751484	0.36008759193270595	0.10083781941590826	0.094417252590556	0.10750220715742108		3.4217476352661937			9.916914167644515			17.481756723346688		
13	PyBDEI					0.05636388096950861	0.05306893797618038	0.06111447091719147	0.34478013409050945	0.32731533891592074	0.35872952410189984	0.10251724693183197	0.09604494320064863	0.10913995553349704		3.3631427336296724			9.754456249346434			17.741858488079874		
13	real	0.0		21.0	0.0	0.055411898983305966			0.3459652947103291			0.10551883235594836			0.82375001633051	3.2787066250248			9.476981290189832			18.046665397648106		
13	PhyloDeep			1	0	0.05628579261253755			0.34873386578806476			0.10191748093720555				3.421727681857936			9.811859465169967			17.766472738224387		
14	PhyloDeep			1	0	0.14038345172227862			0.3320345879799735			0.13005921852238966				2.552949277661651			7.688805233193449			7.123346717377385		
14	PyBDEI					0.16162222556649594	0.14846508022128577	0.18291427404314975	0.2962553681129113	0.2803525908264007	0.31829146704622646	0.1241632135484508	0.11537131112493473	0.13656418503615056		2.386015629317672			8.053915257354237			6.187267849424408		
14	PyBDEI (subtrees)					0.16003296635824438	0.14741685189758658	0.17083142430624929	0.2967230976513653	0.28241635855429387	0.31416100722816337	0.12264092871463445	0.11336461854136942	0.13384742127506385		2.4194459448508567			8.15388476327375			6.248712516903759		
14	real	0.0		18.0	0.0	0.16455275296236402			0.2933530217922129			0.12340278961128565			0.014676794147326	2.3771992733411			8.103544523993047			6.077078517359821		
15	real	0.0		19.0	0.0	0.13900879634992494			1.152667875605596			0.29923404176890217			0.025057708098227	3.8520613122480194			3.34186576530052			7.193789359075621		
15	PyBDEI					0.13719882291253652	0.12749540751600572	0.14663128523770277	1.1905919561029918	1.1709995283261043	1.242693528334088	0.3086441104354221	0.28919023672173894	0.3380607970932298		3.857491252379172			3.2399775864481657			7.28869226988554		
15	PyBDEI (subtrees)					0.1385377588437704	0.12711540967363227	0.14896393939807134	1.1777617555335762	1.1251588917976483	1.2198682904413756	0.3038573230819075	0.2760629817697499	0.32348385876522034		3.876035448440056			3.291018264287285			7.218248716782722		
15	PhyloDeep			1	0	0.14558854484089098			1.1986163353169246			0.32266220398980094				3.714771425025076			3.099216417772963			6.868672264654253		
16	real	0.0		31.0	0.0	0.13542830635455294			2.229957450884843			0.558194370222384			0.129623054853193	3.9949479425892997			1.7914906587137398			7.383980697373472		
16	PhyloDeep			1	0	0.15386421628543231			2.0002598116609587			0.5266587818790257				3.79801852828578			1.898762603809959			6.499236951526843		
16	PyBDEI					0.1359789009539364	0.1249786928734848	0.1468122429769094	2.1966885842753423	2.0885940272040164	2.3066634071792973	0.5472249239070376	0.5181598496154063	0.5799708191853609		4.014233431824672			1.8274021454656544			7.354082089093776		
16	PyBDEI (subtrees)					0.13713597312608092	0.12830073489505794	0.14698835624251347	2.1943901478937984	2.142960071685391	2.3009074339631663	0.5449394307023745	0.5075488800656256	0.584974547938191		4.026851470566997			1.8350663278505948			7.292032697216607		
17	real	0.0		35.0	0.0	0.04589083049938593			0.17804350417937928			0.10629174696085812			0.758180898887686	1.6750454223406799			9.408068157617633			21.790845559297104		
17	PyBDEI					0.04632969758630148	0.04422957158808769	0.04841305416520127	0.1799913732747004	0.17402932695240522	0.1859744410737869	0.10761925337932304	0.10301575689883741	0.11198234346631988		1.672483014171164			9.292017632526438			21.584427529172448		
17	PyBDEI (subtrees)					0.046616696190873004	0.04442654934587429	0.04883643797055142	0.1802395766271455	0.17420615191764524	0.18792705321332714	0.10639771828909768	0.10162629846153763	0.1113841480869981		1.6940173109484264			9.398697792398687			21.45154165163228		
17	PhyloDeep			1	0	0.04647386789015797			0.17788271112047221			0.1066383281087871				1.6680935858165853			9.377491355451953			21.51746874961048		
18	PyBDEI (subtrees)					0.1153293721222679	0.10578258355736955	0.12410095033531979	1.1684179922470033	1.1028988601025675	1.2521727280957824	0.33971897190088424	0.3179872377824381	0.3624609172796207		3.4393663259639755			2.9436095205532355			8.670818037055101		
18	PhyloDeep			1	0	0.11704260802121833			1.1517618417442335			0.33731418443122857				3.414507586410301			2.9645951642566617			8.543897106417116		
18	PyBDEI					0.11314245234460908	0.10370643076408016	0.12159233813617379	1.1756146873685491	1.126029053336132	1.2381615144517393	0.3431361834843277	0.32256899071951484	0.3654433202590284		3.4260877865777273			2.9142948139296823			8.838415460133406		
18	real	0.0		21.0	0.0	0.11441676995950904			1.1752395018773178			0.35080214809420524			0.638127425862025	3.350149103310839			2.8506096825024505			8.739977543098709		
19	PhyloDeep			1	0	0.06655636217370514			0.7342415269443741			0.1729023232454413				4.246568311879134			5.783612280214782			15.024859642870874		
19	real	0.0		19.0	0.0	0.06327962770624318			0.7341348163315163			0.16749359872269595			0.5576676637930279	4.38306193150078			5.970377421143179			15.802874262190702		
19	PyBDEI (subtrees)					0.06618725836305951	0.060869554330470296	0.07231847235529566	0.7223288293013611	0.6899505880681577	0.7494770136538846	0.16369884517957348	0.15278423852665612	0.17503231880538353		4.412546884548787			6.108778586086086			15.108648170840702		
19	PyBDEI					0.0655154430357075	0.06115594399245652	0.07111585666587332	0.7239307003151606	0.6824458324152596	0.7540692447152613	0.16614566903265007	0.15521107299134956	0.17756758374265513		4.357204762122914			6.018814729401615			15.263576855535812		
20	real	0.0		25.0	0.0	0.04962716998629898			0.4778842627671259			0.21345273565805406			0.5988352752009151	2.2388294124872896			4.684877881359061			20.150252377398893		
20	PyBDEI					0.05008771096267477	0.04705887115761372	0.05331546755952787	0.4747970907947637	0.4580282764860109	0.4956929066667244	0.21397297951716576	0.2032275802432854	0.22397297951716577		2.21895816876576			4.673487289173238			19.964977052858284		
20	PhyloDeep			1	0	0.053142001401607505			0.4520273172141745			0.2038875126500964				2.2170426787732005			4.90466525880945			18.817507312958497		
20	PyBDEI (subtrees)					0.05093048821516137	0.048000427950866856	0.054298735485067695	0.4754497571277895	0.4521419901480769	0.4929251619625895	0.2120855967682909	0.20129021180126952	0.2220855967682909		2.2417823952808584			4.715077380254758			19.634604635545443		
21	real	0.0		34.0	0.0	0.029470472137533992			0.5649532010334002			0.11657410659714855			0.23075669136252305	4.84630092843636			8.57823430254331			33.9322694028504		
21	PyBDEI (subtrees)					0.02971967592845675	0.027574078183263594	0.031049781706144752	0.562394983985594	0.5488149775164128	0.5831931808489474	0.11476237541260732	0.10946905425979316	0.12054208829982327		4.900517107315046			8.713657210428778			33.64774240497335		
21	PhyloDeep			1	0	0.035136773517577394			0.5065402966339693			0.11801691148619879				4.2920992445494175			8.473361888621723			28.460211336699533		
21	PyBDEI					0.028714959403747818	0.02756292074002069	0.02989931539903783	0.5770227453209372	0.5630341879091588	0.5908012447414165	0.1165160761753528	0.11005570809474141	0.12372572860681937		4.95230155581739			8.582506661956531			34.82505358755555		
22	PyBDEI					0.6607964133705033	0.608733058820315	0.719780589218745	0.1959489481501251	0.19016716701246744	0.20207293313703006	0.16651026269813846	0.16033570398277855	0.1718339336498588		1.176798024187585			6.005635831665647			1.5133254051718164		
22	PyBDEI (subtrees)					0.6626276216817234	0.6098101520231998	0.7224565023625311	0.19732459885684644	0.19014577889097586	0.20350391491853004	0.16506127995622447	0.15991458774294792	0.1709826933347256		1.195462672464302			6.0583560255028175			1.509143246190128		
22	real	0.0		38.0	0.0	0.6634482255057563			0.1900801378953291			0.16482425165047376			0.36006054874133797	1.1532291880105905			6.067068346960249			1.5072766216801399		
22	PhyloDeep			1	0	0.4715340332679814			0.22875667056983			0.19373413273315074				1.1807762903861618			5.161713044016871			2.120737697488066		
23	real	0.0		17.0	0.0	0.031543095471824045			0.4675801429899098			0.11602987452985593			0.359062840569089	4.029825464213491			8.61847006257589			31.70265901433969		
23	PyBDEI					0.02997931288497808	0.027894643590512306	0.032046891539069755	0.4804774021551057	0.45767358569399325	0.49814053065212227	0.1136092722756486	0.10547262112142994	0.12089484432309684		4.229209399293836			8.802098455253844			33.35633487787761		
23	PhyloDeep			1	0	0.03266150237755945			0.4515918459947187			0.11255840311041895				4.012066922730864			8.88427671649719			30.617085167737542		
23	PyBDEI (subtrees)					0.03050154643309437	0.028657190834175974	0.032530351616747236	0.4747461747268577	0.45739003906692544	0.4924343443911258	0.11194278279283214	0.10386730434582264	0.12071318665689272		4.240971707889831			8.933135080719394			32.785222945778045		
24	PyBDEI					0.2442202505863837	0.22509444566387635	0.26555847909472313	0.6855003972246166	0.6461689398124562	0.7187807829947036	0.1807058722104377	0.1694762420497688	0.1920865811524741		3.7934594423491097			5.533854477266064			4.094664539893622		
24	PyBDEI (subtrees)					0.2449888133261793	0.2280259327128491	0.26278605480788597	0.6874214155849718	0.6611569161994646	0.7193339023825107	0.18039693796199247	0.16902104007861884	0.19232936458743077		3.8106046773909408			5.54333134086061			4.081819028481903		
24	PhyloDeep			1	0	0.2446879874108635			0.7019218677144295			0.18259528389012986				3.8441401812808365			5.476592706532958			4.086837325286703		
24	real	0.0		25.0	0.0	0.24134817264200906			0.6913692453613679			0.17418175049273785			0.7447356683104871	3.969240425047819			5.741129579712732			4.14339163646081		
25	PyBDEI					0.1207059493699942	0.11479744301815595	0.12728576979243184	0.20289277793343855	0.19525805066917887	0.2147978415824381	0.17544276389617636	0.1658730207491786	0.18455846700383066		1.1564613633965923			5.699864604229449			8.284595790177232		
25	PyBDEI (subtrees)					0.12120943832276825	0.11505616835967165	0.1277971006702468	0.20348136964303373	0.1947317828978632	0.213754443109639	0.17483889774427425	0.16460942103856308	0.18515909417670584		1.1638220800308008			5.719551043284638			8.250182608198406		
25	real	0.0		21.0	0.0	0.12219550955630805			0.19999607051410206			0.17535788562123167			0.305363243821061	1.1405022922441492			5.70262350311393			8.183606775985472		
25	PhyloDeep			1	0	0.12435683522082286			0.19883532267176085			0.17446205695890138				1.139705252464157			5.7319053634428565			8.041375435650806		
26	real	0.0		25.0	0.0	0.08084575140384305			0.469349431171597			0.2023409901590217			0.25997681994349	2.3195963941993702			4.94215234992223			12.369233789476096		
26	PyBDEI					0.0826805309566246	0.07745068671700203	0.08836673503065422	0.4558754171083719	0.4347681264724534	0.47759851416593974	0.20045871056724932	0.19140024782739476	0.21332305697620768		2.2741611767249			4.988558477555022			12.094745745217994		
26	PyBDEI (subtrees)					0.0827558485972444	0.07721974267667586	0.08852036208584643	0.457274878456978	0.4311714087340263	0.47846778478250623	0.19962852866975905	0.18979220101376007	0.2101597850331222		2.2906289071209733			5.009304064221589			12.08373809163378		
26	PhyloDeep			1	0	0.08180395234679613			0.46995482657448234			0.20274688017976353				2.3179386344085864			4.932258385990255			12.22434822905186		
27	PyBDEI					0.1023125013724826	0.09502144593727244	0.11036142780414755	0.24290019059198314	0.23318886233167696	0.25344350858138953	0.12098039370216285	0.11322572583779757	0.12929817778969574		2.007764920900904			8.265802163463473			9.773976655691015		
27	real	0.0		29.0	0.0	0.101451189975639			0.24421598767049896			0.12146732181143023			0.05227976387643	2.0105488787315795			8.23266690239892			9.856956830571681		
27	PyBDEI (subtrees)					0.10081393978423743	0.09320320401929223	0.10989593744842296	0.24510871475742266	0.2308742022981191	0.2645994268250036	0.12080619912648966	0.11186530030030722	0.1285144844724202		2.0289415322204003			8.277720905306806			9.919263170750057		
27	PhyloDeep			1	0	0.09725363619265152			0.2675145430069718			0.12945095163304096				2.066532069731742			7.724933555025027			10.282391889379658		
28	real	0.0		29.0	0.0	0.16079014966673186			0.5863806506924701			0.1957255557445179			0.611773575618017	2.9959329963935697			5.109194842728192			6.219286455499233		
28	PyBDEI (subtrees)					0.1653569347262733	0.15399241466780159	0.17471909748064426	0.5822332830503995	0.5595340627394363	0.6090735145718986	0.1992223842636676	0.18783828945370803	0.21096101793314537		2.9225294396628807			5.019516274218043			6.047523810569958		
28	PyBDEI					0.16099537803827535	0.14975923890917506	0.17244592019672889	0.5874166233198279	0.555818892271973	0.6170966481916397	0.2022267954141592	0.19132788279167173	0.21382908273525653		2.9047417881334785			4.944943116722027			6.211358438887968		
28	PhyloDeep			1	0	0.16702191796112487			0.5789183620095582			0.19963597843496866				2.8998698859190886			5.00911713329143			5.987238155370451		
29	real	0.0		23.0	0.0	0.030004014838639008			0.4082159030659852			0.13357117620546866			0.158022100106939	3.0561676153696404			7.486645161091709			33.32887299842971		
29	PyBDEI (subtrees)					0.03006861242119002	0.027637065184002788	0.031911824868342833	0.4243814188953943	0.41366402399133534	0.4467481408859131	0.14040981569582184	0.1328283268575644	0.14671746939990785		3.022448372233157			7.1220092060113505			33.257271269866706		
29	PhyloDeep			1	0	0.032628264793912135			0.38155403659251724			0.1285900994377349				2.967211614742323			7.7766484696142095			30.648274013841597		
29	PyBDEI					0.030123190439416574	0.02812757000211027	0.032118581700693295	0.42298287730575257	0.4099506802314748	0.43353632023803246	0.1413269429840939	0.1348946299840918	0.14917577978303792		2.992938702094183			7.075791628157897			33.19701483849093		
30	real	0.0		33.0	0.0	0.1923527847873552			1.2371243973738468			0.7191845017329399			0.600737301602517	1.72017666453168			1.3904637788918002			5.198780985185599		
30	PhyloDeep			1	0	0.19154055564784975			1.2395305654938142			0.7034003845205599				1.7621977365546688			1.4216654156104898			5.2208264543124505		
30	PyBDEI					0.1898829623592789	0.18059860957742402	0.1990134768391939	1.2616239030556624	1.2188694129763633	1.3177470757837217	0.7219025702296811	0.6931802131750403	0.7537874596769473		1.7476373614437517			1.3852284799066987			5.2664019329332605		
30	PyBDEI (subtrees)					0.18924267888362173	0.1803641827409547	0.19872267359240903	1.2717833379511092	1.230995273907019	1.3294394206426923	0.7156243196843103	0.6850483194747361	0.7497054745783465		1.7771661791932143			1.3973812410974782			5.284220271553905		
31	PyBDEI					0.13565429924378344	0.12270412423624061	0.14342315164499198	1.3949198918950734	1.3236591686923578	1.4978255447491486	0.28265963698691143	0.2661313903591853	0.3001667244162619		4.934980836898426			3.5378238317284225			7.371679375991664		
31	PyBDEI (subtrees)					0.13777642714829505	0.12948877464787978	0.14683496883021097	1.3897579771941433	1.341483916818132	1.4547790840323391	0.2796622415941704	0.2626438700824508	0.29765120293273056		4.969415854181987			3.5757419174632163			7.258135667313062		
31	real	0.0		26.0	0.0	0.141030036025229			1.3415561957918247			0.2775524837643472			0.8219365221323579	4.83352257416964			3.6029221804732203			7.090688112857809		
31	PhyloDeep			1	0	0.1480867640192503			1.3186247089684238			0.2997640243190115				4.398875788927666			3.3359573493575443			6.752797973693359		
32	PhyloDeep			1	0	0.2362660153564247			1.0621593528494824			0.6040628529857682				1.758358997907966			1.6554568701869177			4.2325173110124465		
32	PyBDEI					0.2410449550051153	0.2278537012049762	0.25539119827737805	0.9968160003394728	0.9584881181575935	1.0317189760312708	0.5752863877599954	0.5496476923627546	0.608572544270338		1.7327300307257332			1.7382646648284532			4.148603732356809		
32	PyBDEI (subtrees)					0.23945234366703744	0.22654626629143357	0.2537067421151151	1.0044376120029983	0.9657339577124856	1.0633019041340177	0.5748320930484336	0.548844842946549	0.6182399641266899		1.7473582706148032			1.7396384302359107			4.1761963348770434		
32	real	0.0		26.0	0.0	0.23588156514006314			1.0073646368569718			0.5789556643538523			0.08444202266268201	1.7399685310640298			1.7272479769518403			4.2394156550818805		
33	PhyloDeep			1	0	0.16770589119936785			1.4596959198103865			0.45694416561749013				3.1944732631345247			2.1884511834146148			5.962819748599085		
33	PyBDEI					0.17440437929344876	0.16359321295423795	0.1876798329834716	1.367231286340326	1.2878714742254984	1.4226484669135924	0.44288154583397904	0.4210355342465161	0.47114935307217026		3.0871263415722763			2.2579400957358144			5.733800974787584		
33	real	0.0		32.0	0.0	0.167549028340629			1.3747831417572252			0.4346021942934824			0.223869740549289	3.16331385301025			2.3009547883799			5.96840226352724		
33	PyBDEI (subtrees)					0.17393617346944626	0.16516538593660746	0.18575587631240995	1.3780887264481931	1.3260822022425287	1.4189401082179374	0.442424876340622	0.4204084203009273	0.46780599574155685		3.114853617288928			2.260270734031018			5.749235366360757		
34	PyBDEI					0.1785939779638801	0.1726397842605811	0.18502582421090327	0.2723971750373501	0.2617609027953733	0.2829560974015063	0.26420725180234794	0.25404549084865174	0.2744424934554273		1.0309981016006668			3.784907466310178			5.599292940337808		
34	real	0.0		39.0	0.0	0.17864185905425695			0.2696828284789141			0.26573029456229363			0.9312733345931579	1.01487423149525			3.76321413276263			5.597792170849951		
34	PyBDEI (subtrees)					0.17956584001429826	0.17311546196481936	0.18631430098599058	0.2752073059049342	0.2645155909855015	0.2848631592742583	0.26016591737138706	0.25003463309688495	0.27011686238213145		1.0578146003347375			3.843701012429308			5.568987954058373		
34	PhyloDeep			1	0	0.18063169529490053			0.28469164613806125			0.26780476694236655				1.0630566788952225			3.7340634799648913			5.536126970227419		
35	real	0.0		31.0	0.0	0.10207126433031696			0.1792889974537792			0.12026071523796665			0.350139560960445	1.4908359483727496			8.315267359097637			9.797076646017231		
35	PyBDEI					0.10161807850748966	0.09674320898540181	0.1067570074347506	0.18077712081377587	0.17358820430180122	0.1882106405668272	0.12091066777377735	0.11510588365634218	0.1255074732007042		1.495129620423634			8.270568829137472			9.840768637701569		
35	PyBDEI (subtrees)					0.10155572097614653	0.09653266100504003	0.10697018459927528	0.18133957137941728	0.17284842025011546	0.1886848637340731	0.11982579101563795	0.11440461730044771	0.12594258682191528		1.513360102548803			8.34544876794925			9.846811094324078		
35	PhyloDeep			1	0	0.10160880527291982			0.18337751667405308			0.12193870662669574				1.5038499402445415			8.200841452758795			9.841666746440076		
36	PyBDEI					0.055327704787302985	0.05194718527083077	0.05864022766125498	0.4326692010898513	0.40965833771345156	0.4487597594075041	0.11338964368468435	0.10656860822340766	0.12158564943942374		3.815773531249683			8.819147565017625			18.074127669750855		
36	PyBDEI (subtrees)					0.05512921735376653	0.05130571337051418	0.059714028495904584	0.4358576065307984	0.4141053125732221	0.47027105809836556	0.11305784053363628	0.1053042830526462	0.12064644393528622		3.855173639205719			8.845030077347761			18.139201824378482		
36	PhyloDeep			1	0	0.0532516914564565			0.45636314617112483			0.11640503597284259				3.920475968733817			8.590693621135953			18.77874622663756		
36	real	0.0		22.0	0.0	0.052300244692993034			0.4425895541035867			0.11258805211421714			0.344795403114044	3.931052592104472			8.881937125846449			19.120369433643887		
37	real	0.0		30.0	0.0	0.2259720048368999			0.2713654321747469			0.1974622196477748			0.501978464893768	1.3742650754093502			5.0642598963171785			4.42532693694412		
37	PyBDEI (subtrees)					0.2337327125043247	0.21788984361795202	0.25276899267804864	0.2705278590990119	0.25682770102816516	0.2865147585977293	0.18991805683838775	0.17821849180384972	0.20172782210282603		1.4244451717891136			5.265428767791984			4.2783912841532485		
37	PhyloDeep			1	0	0.24698253027118447			0.2649616083617157			0.19043177725707325				1.391372869476668			5.251224424850327			4.0488693629545764		
37	PyBDEI					0.2340775762733356	0.2198222728993003	0.2514576757560782	0.2678503677124673	0.25606581196246586	0.2831491505884102	0.19148639141811385	0.17981565715760978	0.20350404589461296		1.3987958398965878			5.22230322789092			4.272087980064722		
38	PhyloDeep			1	0	0.05159463437453959			0.6330056611150222			0.20033131252665562				3.1597939090565084			4.991730885140297			19.38186038378964		
38	PyBDEI (subtrees)					0.05002951871042572	0.046950813374977377	0.05356463118914422	0.6532167055586808	0.6277750289713308	0.6798943257034898	0.20842704039939533	0.19872703205629497	0.21842704039939534		3.1340305188183053			4.797841959871255			19.988199482550858		
38	PyBDEI					0.05031811322026974	0.04752163882121006	0.0539513489166252	0.6450182741767813	0.6212459123983098	0.6691240718988761	0.20921816148392205	0.19896608416967435	0.21942254816139226		3.082993701894037			4.779699778008268			19.87355916193551		
38	real	0.0		34.0	0.0	0.05011361027517402			0.6417996914954104			0.2085611368640857			0.6273096415059279	3.0772736529224805			4.794757139493711			19.954658914195093		
39	PyBDEI					0.024997978843062898	0.023945087659034726	0.026063290468218384	0.17481092250907182	0.16855293182481243	0.18151733317419527	0.1115270294304441	0.10733654635931095	0.11583474659037928		1.5674309932023782			8.966436254125002			40.00323411256532		
39	real	0.0		40.0	0.0	0.024827203645465			0.1745867248044645			0.11109818878748556			0.9395324424236692	1.5714632858544897			9.001046829960949			40.27839841651529		
39	PyBDEI (subtrees)					0.02512581047226713	0.024073588191061045	0.02623720750786672	0.17601935986080594	0.16936385581322325	0.18240761186055376	0.11044043024048024	0.10618531995358445	0.11465448677703441		1.5937945866158785			9.054655055422495			39.799711181605865		
39	PhyloDeep			1	0	0.025601654066472215			0.16868476178030925			0.10580745345304195				1.5942616165048586			9.451130023120788			39.05997625792446		
40	PyBDEI (subtrees)					0.10252674717163586	0.09590563791066442	0.11070072590762517	0.4933006036384117	0.4722912067508972	0.5114232259127681	0.11719534502918193	0.1094383705460012	0.12564252525150013		4.209216701530072			8.532762113981555			9.753552390830665		
40	PhyloDeep			1	0	0.10381277220688448			0.4964120051474159			0.12202712788031689				4.068046292413703			8.194899096377906			9.632726096622664		
40	real	0.0		24.0	0.0	0.10101353208345804			0.4931174510008712			0.11868218730664197			0.629964716453568	4.1549407050174425			8.42586425725603			9.899663731922507		
40	PyBDEI					0.10155052373101604	0.09425990852124667	0.10845077057005034	0.4932934502901306	0.4746683311083526	0.516398342947963	0.11898100742473282	0.11096079499360889	0.1273452745667198		4.145984816964901			8.40470274747504			9.847315043384413		
41	PyBDEI					0.21767409481638508	0.2048309280885061	0.23229177094250064	3.296360589620023	3.1528479588131457	3.3659530468490177	0.8228102147820314	0.7669472822020085	0.8666073868667693		4.0062222495539315			1.2153470898084409			4.594023927576369		
41	PyBDEI (subtrees)					0.2187621889125212	0.2074546877244115	0.22920704231223973	3.2878893277612047	3.2194519570870055	3.3907848978017845	0.8155877772300071	0.7659455400373456	0.8691562748623607		4.031312655184599			1.2261095959484765			4.571173862224796		
41	real	0.0		33.0	0.0	0.218092332313404			3.2091423858191845			0.7891899301837478			0.063667672771548	4.06637523247667			1.2671220979304298			4.58521392931401		
41	PhyloDeep			1	0	0.25130642711722706			2.9740309759432626			0.7799949026442621				3.81288514304516			1.2820596604027774			3.979205830392589		
42	PyBDEI					0.2627495691475396	0.24985508982144347	0.27816747707227185	2.7605534757253163	2.6255779889412425	2.8316047736213577	0.6583507212514447	0.6215843904138911	0.7000692388590416		4.193135036713926			1.5189472232963026			3.805905384524068		
42	PhyloDeep			1	0	0.27947251956225333			2.7188432673624026			0.6590107936084401				4.125642999677239			1.5174258292864369			3.578169336886259		
42	real	0.0		34.0	0.0	0.2466071196833712			2.8955489207270437			0.6368477290269376			0.279079521428259	4.5466895597653405			1.5702340676128903			4.05503296613634		
42	PyBDEI (subtrees)					0.2705549093608133	0.25369695076358834	0.2864324145377358	2.7166273879013234	2.645834291251394	2.906839473843319	0.6537037391651688	0.6143666891399181	0.695631425612177		4.1557470535057215			1.5297449595088424			3.696107390409225		
43	PyBDEI (subtrees)					0.0267288957422822	0.024907696980019406	0.02851508104613601	0.4830820760944216	0.4649425047831542	0.5018446041096064	0.10247912766217812	0.09619684197776597	0.10896860052458579		4.713955779238277			9.758084624768614			37.41269409862336		
43	PyBDEI					0.02659426805006332	0.024464399645149307	0.02844291739940228	0.4808341384236942	0.46265934512380735	0.5099571101859968	0.10412479127940917	0.09790743854817553	0.11045028318683678		4.617864127414388			9.603860787740674			37.602087717455305		
43	real	0.0		21.0	0.0	0.025101839417242987			0.5101451072539642			0.10614102454951582			0.776957855461345	4.80629529834599			9.42142780554648			39.83771800058121		
43	PhyloDeep			1	0	0.030396284423652824			0.4335153253295602			0.10342208231335365				4.19170950374092			9.669114928184753			32.89875782389546		
44	PhyloDeep			1	0	1.0146896406108619			2.166760356071846			0.8554169057938829				2.532987530870635			1.1690206181650509			0.9855230210076664		
44	PyBDEI					1.0605992219268765	0.9970161095790784	1.1323612011882038	2.1027637025071955	2.0165820332943283	2.178184203745232	0.9129458722449292	0.8658793812053005	0.9630551909867945		2.303273136376104			1.0953551907091768			0.9428632223425728		
44	PyBDEI (subtrees)					1.0566953977081983	0.9876091384609601	1.1202401528087265	2.1285558835415808	2.0312677487244617	2.2151342880766856	0.9094134797336116	0.8608990699737937	0.9611153082950299		2.3405809689175543			1.099609827966178			0.9463465083399044		
44	real	0.0		26.0	0.0	1.0171827845877903			2.0787965886559667			0.8503840099849905			0.8341353021594431	2.444538660472529			1.17593932653749			0.983107476013022		
45	PyBDEI					0.3403130046424646	0.3142500329699284	0.38610141798603376	0.5263894149117849	0.4895574103702669	0.5491617639113101	0.1121157613107754	0.10414513220762804	0.12065366810198253		4.695052762944526			8.919352536242291			2.9384713083492278		
45	PyBDEI (subtrees)					0.34181957711479805	0.3124155656094614	0.3711918748597646	0.5264946411558865	0.5054424899383038	0.5574039897260129	0.11090660152682194	0.10239675474314806	0.11941999970001785		4.747189381946373			9.016595822370027			2.92551997296561		
45	real	0.0		38.0	0.0	0.3605861590513078			0.5117192546458804			0.1071640303132273			0.09000617059791301	4.77510273876587			9.33148927935169			2.77326229778473		
45	PhyloDeep			1	0	0.30273738686041346			0.5960659862456196			0.13731921673538475				4.34073249481348			7.282301951423216			3.3031929434638387		
46	PyBDEI					0.5356780061850975	0.4824503720476365	0.5970003477642324	0.5688116995479523	0.5372794975437536	0.6055470799985737	0.2586521712670668	0.24009467174589114	0.2782780219404848		2.1991375396599158			3.86619603887828			1.866793089232156		
46	real	0.0		22.0	0.0	0.5087228651887722			0.5836956750750815			0.2607110029969161			0.539501293138565	2.2388609163610402			3.8356647341494403			1.9657068090087306		
46	PyBDEI (subtrees)					0.5325695113643402	0.4855489385516333	0.5656982922555416	0.5733423408773956	0.5435862543608277	0.6031192301062331	0.2586365847286945	0.24060474186722317	0.27679564326404466		2.216787472193163			3.8664290322615535			1.8776891629379855		
46	PhyloDeep			1	0	0.5148656715162996			0.6018773410971123			0.2672796791460744				2.251863452620252			3.7413992833083176			1.9422541748704296		
47	PyBDEI					0.20743483922032185	0.19317661780065787	0.218528645755581	0.3989089237938939	0.3848363943754404	0.4184379718625178	0.1800605140835055	0.169878849460684	0.19059894768695165		2.2154158885100954			5.553688464624933			4.820790971076342		
47	PyBDEI (subtrees)					0.20680174694265627	0.19613021233758604	0.22251434494645334	0.4021075714233143	0.38055880498818473	0.4176312600010329	0.17950563318465415	0.1693021345199587	0.18967572633988727		2.2400833015066084			5.570855812482042			4.8355490936799885		
47	real	0.0		31.0	0.0	0.2166376585402171			0.3863902700850797			0.1738321219851434			0.434385290645901	2.2227783085919106			5.752676712336661			4.61600262271279		
47	PhyloDeep			1	0	0.20813767324510488			0.40528354525489313			0.18106528979527586				2.2383282058816074			5.522869684911253			4.804512246191926		
48	PyBDEI					0.05862256951122648	0.054542316714755616	0.061993730358511294	0.8784129272198321	0.847454960508925	0.9101615988341532	0.22763251142059585	0.21421065994403565	0.24072238001390395		3.858908034436221			4.393045588080796			17.058276502337474		
48	PyBDEI (subtrees)					0.059107246782832176	0.05558239457175195	0.06508561340377247	0.8802205789928479	0.8255055194477242	0.9120808214804267	0.22573955639125284	0.21199621221558776	0.2397439242909814		3.8992748681903375			4.429883782826238			16.918399256086687		
48	real	0.0		26.0	0.0	0.05767667825069811			0.8820970383435555			0.2174979871765889			0.566260800361252	4.05565609960046			4.5977436986030105			17.3380303847144		
48	PhyloDeep			1	0	0.06284411870339424			0.8413786951750882			0.22299725792457312				3.7730450275746317			4.484360073782796			15.912387994805147		
49	PhyloDeep			1	0	0.04593890205113375			0.16515686768514867			0.11929051278339856				1.384492897478208			8.38289631477859			21.76804310401059		
49	real	0.0		18.0	0.0	0.04536850292246408			0.16741114593183976			0.12106757480438787			0.257488166109756	1.3827909430112104			8.25984993600249			22.041723565554395		
49	PyBDEI (subtrees)					0.04539497922222584	0.0430774163631841	0.04775079480017133	0.1686816292432481	0.15931659278355584	0.17576027189114535	0.12020327847161676	0.11246079755101938	0.12623533051285213		1.4033030661728447			8.319240645637858			22.02886788656993		
49	PyBDEI					0.045290227818979116	0.0431391375250513	0.047640459570923444	0.1682336980366708	0.1600203829892473	0.17550886776388017	0.12072087058574928	0.11415462480348273	0.12765707441284882		1.3935759179037122			8.283571806166604			22.079818277728876		
50	PyBDEI (subtrees)					0.13617733123103504	0.1306039532996167	0.14179346970023238	0.6599869852421265	0.6368290619421644	0.6928480127733628	0.5440757730186363	0.5282374602756638	0.5638125917091766		1.213042406906657			1.8379792844879104			7.343366116519237		
50	PhyloDeep			1	0	0.13785792738474564			0.6336427655475697			0.5285553363315842				1.198820108307562			1.891949491874318			7.253844729647755		
50	PyBDEI					0.13643053266719288	0.13106583257239898	0.14198926401052214	0.6554826922096931	0.6246667087038336	0.6891636912709928	0.5483478722579063	0.5232492989304542	0.5659252688876711		1.1953774699820439			1.8236598527907968			7.329737562774081		
50	real	0.0		27.0	0.0	0.138268211809818			0.6480428149757512			0.5436417787985566			0.28866648045017795	1.19204012687899			1.8394465602146894			7.232320335316531		
51	PhyloDeep			1	0	0.22516777445644323			1.4903405572755586			0.4790728909019497				3.1108847642572655			2.0873650314825825			4.4411328504445535		
51	real	0.0		29.0	0.0	0.23083118039168324			1.4158988741153629			0.4788558566758258			0.41069160617170297	2.9568373329385698			2.08831109833742			4.3321703692853		
51	PyBDEI (subtrees)					0.23519834533450595	0.2184499091110489	0.24893005461234272	1.4241681688053818	1.3748795421761584	1.4939964867613738	0.4773224388372242	0.4492513406782156	0.5042553568380935		2.9836606304843114			2.0950198830711546			4.251730591802296		
51	PyBDEI					0.2334971966266756	0.2190017906513193	0.24836168381003818	1.4251954135648157	1.3699114206554008	1.489290153827451	0.4824555002630391	0.45485226590008004	0.5114354769346069		2.954045321874839			2.072730022675233			4.282706663921276		
52	PyBDEI (subtrees)					0.17321012368959027	0.1619646934406479	0.18382070444418044	0.8601014733433765	0.8254148536109577	0.8931318370692639	0.2044575214103312	0.18832661082036423	0.2246091059943707		4.206748998082669			4.8909915032818665			5.7733345990335945		
52	PyBDEI					0.17469722128285647	0.16469807684379745	0.1856575715647107	0.8542454459359855	0.7974624186530547	0.8817430220384345	0.20555621015564404	0.18772894202975302	0.2261854624953897		4.1557754216676965			4.86484937255272			5.724189501451062		
52	PhyloDeep			1	0	0.1652717712184309			0.9483354319611266			0.23397972308998177				4.0530667334640125			4.2738746195345705			6.05064006168575		
52	real	0.0		21.0	0.0	0.157950507269514			0.9219938597309056			0.21559957509482972			0.06056769338979099	4.276417795931992			4.63822806496793			6.33109710938554		
53	real	0.0		30.0	0.0	0.13756376622846495			0.5610734557865708			0.12890198043790418			0.117591641176865	4.35271400703464			7.757832708254851			7.26935607694258		
53	PyBDEI (subtrees)					0.1338766151952639	0.12076597271861085	0.14787529744229144	0.5723974027221334	0.5379515113772084	0.6174976134730504	0.12712722427200274	0.11863485415642351	0.13703341206483746		4.502555656351198			7.866135721333687			7.469564408552335		
53	PhyloDeep			1	0	0.1391079463477916			0.5787247330167775			0.13722794782999187				4.217251239038745			7.287145336013287			7.188661943867992		
53	PyBDEI					0.13462119524227872	0.12773395721649347	0.1462157510351507	0.5686557749259877	0.5343747446365279	0.5914857055036672	0.1284665518090828	0.11979901482107921	0.1372051032583028		4.4264889725621375			7.784127353913287			7.428250790674476		
54	PhyloDeep			1	0	0.084982373503385			0.3012876958267814			0.14555288010588963				2.069953515228244			6.870355291303756			11.767146041880887		
54	real	0.0		29.0	0.0	0.08871509305463961			0.284023547835042			0.1438108095894452			0.571322235379891	1.97498052229787			6.95358021316218			11.2720391262409		
54	PyBDEI					0.08668974786654267	0.08152836347592589	0.0920003191607728	0.2917152381047837	0.2768373352425016	0.3052461808901941	0.1455630659162653	0.13734722903987984	0.15403744131971192		2.004047086179072			6.869874536547937			11.535389415822067		
54	PyBDEI (subtrees)					0.0873492460859582	0.08190141289920394	0.09303155810845662	0.29410285483732146	0.28274569000003485	0.3083407365961867	0.14388015255439426	0.13613809267547217	0.15251287846579809		2.044082172668917			6.9502289387825575			11.44829571872807		
55	PhyloDeep			1	0	0.2564656270672342			2.2962762613043797			0.5339766668141036				4.3003307148321435			1.8727410056442333			3.8991579941347982		
55	PyBDEI (subtrees)					0.2597806116191416	0.24618354126712128	0.2776410817330075	2.2807824713197284	2.178666602919178	2.3675048431649195	0.5389949305050499	0.5123773387328151	0.5664323568132432		4.231547167210992			1.8553050194052445			3.8494019771809502		
55	PyBDEI					0.25586644475530523	0.24413470979518043	0.27129876169477446	2.2950156378300117	2.1641841228380985	2.3965785252394047	0.5444156813577365	0.5179455250541795	0.5716972192876761		4.215557553570823			1.8368317339905904			3.908288955030183		
55	real	0.0		31.0	0.0	0.2599024943443348			2.242600085634396			0.5056134603067169			0.8474586090916709	4.43540423997807			1.97779544752107			3.84759677864091		
56	PhyloDeep			1	0	0.051325232771539775			0.19127501191129156			0.12263901269586716				1.559658771761601			8.154012153374904			19.483594053069886		
56	PyBDEI					0.051212834538065015	0.04888853422667852	0.053872334597611864	0.18339629307416666	0.17637533479318565	0.18739095862382585	0.11834076505948765	0.11192662049088044	0.12236502449800872		1.5497305005758315			8.450173526403342			19.52635523926584		
56	PyBDEI (subtrees)					0.051334656068180586	0.04893191380227376	0.05351873329301336	0.1830985881459397	0.1766613480098179	0.18738775965390952	0.11752813375077162	0.11216104690830035	0.12202215769609083		1.5579128358680132			8.508601030971741			19.48001752796085		
56	real	0.0		33.0	0.0	0.052012893997770114			0.1824615783230152			0.11805447065931254			0.06207959311582401	1.5455711020853407			8.4706660782534			19.2260019225785		
57	PyBDEI (subtrees)					0.1273188010885392	0.1153502994945664	0.138581091663095	0.7898656603641728	0.7477111123374776	0.8388732155349032	0.1941718902973364	0.17816208353121696	0.2113483701634447		4.0678682128223995			5.150076040711634			7.854299533535402		
57	PyBDEI					0.1278745552935939	0.11906910155981625	0.1395124108523793	0.7837928727408877	0.7525203805952008	0.8076013160867874	0.19579420648529347	0.18055877492271147	0.21214185250552367		4.003146399532308			5.107403420923551			7.82016404830537		
57	PhyloDeep			1	0	0.12642769865814102			0.8108857240425716			0.20303406787331787				3.993840701396575			4.925281803563849			7.909659122278165		
57	real	0.0		17.0	0.0	0.122791979375173			0.780403337014967			0.19255401671692676			0.21952725295304398	4.052906038113119			5.193347908551281			8.14385438762776		
58	real	0.0		36.0	0.0	0.9136373886066594			0.351275637310924			0.19289660605165185			0.331334667592652	1.8210565986674905			5.1841243890638			1.09452613528114		
58	PhyloDeep			1	0	0.6249388153059713			0.42413560465691			0.23275099841554794				1.8222719023514935			4.2964369940730585			1.6001566481518643		
58	PyBDEI					0.9295343112959512	0.8541098004813703	0.9957883368728951	0.3516954527253074	0.3431056171637842	0.3614905811231726	0.19461670762145705	0.1866873182909794	0.2056197763482761		1.807118499863739			5.1383049904691065			1.0758075176437607		
58	PyBDEI (subtrees)					0.9401560424501624	0.8793538785500066	1.062364354040563	0.3526585793862233	0.3374672460714404	0.362902780243492	0.19348529317170607	0.18055806048979012	0.2011416913982354		1.8226634882955204			5.168351473166296			1.0636532180273786		
59	real	0.0		37.0	0.0	0.1903061449480532			1.698200128591848			0.5084974514619977			0.63595888224514	3.33964334277251			1.9665781944921599			5.254691067768539		
59	PhyloDeep			1	0	0.1830732636896902			1.7796142492808642			0.5056086334644244				3.5197465618554973			1.9778143287388343			5.462294055646505		
59	PyBDEI					0.1878106206271823	0.17716313057406455	0.19684480545915214	1.7556302819714356	1.6987703394921778	1.8072774513020453	0.524945440671075	0.5005621117490361	0.5495073344737019		3.3444052390036743			1.904959873013906			5.324512515109955		
59	PyBDEI (subtrees)					0.1881528578686112	0.17992789859366243	0.19894294211990265	1.766610227987077	1.7061459697996184	1.8190490484518602	0.5219986227634092	0.4965660533932084	0.5468771229699572		3.38431971072034			1.9157138666498743			5.314827589269512		
60	PhyloDeep			1	0	0.12642340997144433			0.2678907246948447			0.15600557870518303				1.7171868270243111			6.410027181718833			7.909927443231228		
60	PyBDEI (subtrees)					0.12451259055514158	0.11795854084328784	0.13149528528116017	0.2710005414779872	0.259949547350073	0.28427416499618424	0.1579421961023617	0.1500753881609805	0.16638910873937762		1.715821029247642			6.331430261688294			8.031316315414227		
60	PyBDEI					0.1242678370753658	0.11747609957641861	0.1311339323123942	0.2693038938290397	0.25735560071042474	0.28159695962799836	0.15962478859310594	0.1516814638398145	0.16795153643156327		1.68710571962299			6.264691147369758			8.047134508292128		
60	real	0.0		23.0	0.0	0.12300247803566698			0.2773905052899667			0.16309292888037394			0.880710646337615	1.7008125808656502			6.131473674946902			8.129917510361299		
61	PyBDEI (subtrees)					0.06764184669053715	0.06342343301087587	0.07455250928588947	0.8980796161631099	0.8327036835077662	0.9329622170897006	0.21060814420761997	0.1977523303041081	0.22395278655673506		4.2642207381960135			4.748154463647845			14.783747767488089		
61	real	0.0		22.0	0.0	0.07004997879593602			0.8778072703073908			0.2102390319427957			0.7442083574994129	4.1752821167205285			4.756490698987292			14.275521808694899		
61	PhyloDeep			1	0	0.07118424510189807			0.8623766536655472			0.2093125339050987				4.120043064676406			4.777544762099126			14.04805232630522		
61	PyBDEI					0.06756291830155157	0.06296854400010071	0.07122573398536279	0.8935595281433891	0.8554515838045648	0.9274798502557025	0.2122868094936486	0.19963584863648484	0.2255082444453792		4.209208901272425			4.710608268055953			14.801018445306484		
62	PyBDEI (subtrees)					0.1644963739045931	0.15159661401163485	0.17743250310162859	1.2574781738969787	1.1893877003558877	1.3261787225598798	0.3966349097023525	0.3698445428493974	0.4198713038789963		3.1703668616578167			2.5212102503797054			6.079161359386522		
62	real	0.0		21.0	0.0	0.1688781216486009			1.2178507935885243			0.3910850578661515			0.137429473566679	3.11403048797976			2.55698851154331			5.9214301428623495		
62	PhyloDeep			1	0	0.15742372090241977			1.3248882209764035			0.400440732143553				3.3085750639908618			2.4972484558376853			6.352282834299523		
62	PyBDEI					0.16349318116356615	0.15276647747996075	0.17926159549466236	1.2604819958002549	1.1901733529601317	1.2939276476682002	0.4010352291821962	0.38066555555296666	0.43079120070347293		3.1430704937585405			2.4935465196891347			6.116463040740236		
63	real	0.0		18.0	0.0	0.021548245121064			0.4978410543960198			0.10492488597725393			0.07098842626741701	4.744737625961719			9.530627464458568			46.4074913934626		
63	PhyloDeep			1	0	0.02734473351159387			0.40332223817183305			0.09957827893268185				4.0503033642958615			10.042350708592107			36.57011320209103		
63	PyBDEI					0.02093058682889585	0.019604885462643797	0.02277191375388708	0.5053070395078619	0.4843358406027757	0.555189370730772	0.10558132573754342	0.0964567646088354	0.11514833941589658		4.7859508864660985			9.471371883374754			47.77696909192454		
63	PyBDEI (subtrees)					0.021396473962708742	0.01951964824310003	0.02278053917244193	0.4959933301673906	0.48301540695129874	0.5174561288567455	0.10444674983178748	0.09698325629061406	0.11371323722293256		4.748767491244991			9.574256753901006			46.73667267526741		
64	real	0.0		33.0	0.0	0.037711049563551036			0.19818840296493948			0.18508160601107848			0.524067573402039	1.0708163130650403			5.4030220590377995			26.517426896718693		
64	PyBDEI					0.037694230756973375	0.03638191812167589	0.03904311472574714	0.19413876238644204	0.18592593754742515	0.20282017809748473	0.18384308775081895	0.1748838031522756	0.19301565225401132		1.0560025114981628			5.4394212599137814			26.52925871991701		
64	PyBDEI (subtrees)					0.03749919690738292	0.03612184707320719	0.038902403099610135	0.19705526714759225	0.187229084520396	0.2038780470965739	0.1818959511980276	0.17502728383649316	0.1906538895754909		1.0833405903194675			5.497648482078164			26.6672377669805		
64	PhyloDeep			1	0	0.03828460444646303			0.18117733837304392			0.16708659321490515				1.084331991496262			5.984920637611			26.120160165123142		
65	PhyloDeep			1	0	0.5295275449885979			1.9290528219341856			0.4829887132678368				3.993991513554164			2.070441756773433			1.8884758865972355		
65	real	0.0		33.0	0.0	0.5433503868218993			1.8734368773331291			0.4508041590666495			0.7316640407464409	4.15576662205583			2.2182581502140803			1.8404330322631801		
65	PyBDEI (subtrees)					0.5766459845866679	0.5386968134548791	0.6165883506570585	1.824628020118076	1.7350743145265461	1.8941015779644141	0.4845536050700711	0.45726017411604747	0.5105097076067513		3.7655854812063936			2.063755154304116			1.7341662419045312		
65	PyBDEI					0.5783342393774284	0.5374337343984502	0.6164488060004394	1.8145853218197583	1.7325422729610602	1.9021621028186493	0.4873026551782239	0.4602229055038738	0.5148436709402665		3.7237337054034727			2.0521127668271464			1.7291039193468658		
66	PhyloDeep			1	0	0.04976586897236958			0.5177660906560195			0.1690515776843104				3.0627699412714393			5.91535443619116			20.094093012928365		
66	real	0.0		27.0	0.0	0.051294469765019016			0.4881489139098704			0.16262423028674672			0.669291842439362	3.0016985356311494			6.149145168814959			19.4952790150872		
66	PyBDEI (subtrees)					0.052278640696215614	0.048831979381432106	0.056438966158769886	0.4893458065876348	0.4678266772560099	0.5080001717936363	0.16513099660042355	0.15547892397621904	0.17448601827970953		2.9633794784859893			6.0557982485853605			19.128270870906345		
66	PyBDEI					0.05244606907788085	0.0483586066984075	0.055723473256935864	0.4837227786086303	0.46574526916448944	0.5122392421514858	0.16594020463305556	0.15692036029373815	0.17539292411817706		2.9150426786461363			6.026267125627			19.067205942833		
67	PyBDEI					0.08619774919987461	0.08293884615614648	0.08957476405518033	0.4531905633562278	0.4381251455765104	0.4689909316699575	0.357049305391186	0.34218827173802174	0.3690943997950128		1.2692660551732726			2.8007336379058128			11.601230998285216		
67	PyBDEI (subtrees)					0.08634660918401862	0.08295115596224409	0.08977413596965443	0.45752290549035796	0.4431253194941211	0.4723417199160881	0.3540442606648885	0.3414155570823234	0.36699100980362664		1.292276012697222			2.8245056087677254			11.58123068699592		
67	PhyloDeep			1	0	0.08767060384884612			0.4403376160933583			0.34861562709172733				1.2631034924246158			2.8684887374164703			11.406331838709715		
67	real	0.0		30.0	0.0	0.08646411798231522			0.4541774390016771			0.3533654138431573			0.526703751306	1.2852911496405408			2.8299317387180802			11.5654912504229		
68	PyBDEI					0.07253852526568333	0.06630647979284161	0.08043485848499936	0.9921670614171756	0.9069748366215704	1.0374605214669295	0.248226552965726	0.23011675252623148	0.26712576576282665		3.997022274865854			4.02857787796004			13.78577792059252		
68	PyBDEI (subtrees)					0.072964406171662	0.06572610257696472	0.07863137590608513	0.9892054288198784	0.9425879657005216	1.0502281170921974	0.2444985281955168	0.22590010703311045	0.2648157949543495		4.045854329351405			4.090004170496828			13.705312665018045		
68	PhyloDeep			1	0	0.07952985740045163			0.957834524116104			0.2522259508796101				3.7975256740068266			3.964699098219714			12.57389404038239		
68	real	0.0		21.0	0.0	0.07226518535204789			0.9954866608963896			0.25075341189139755			0.177217400892237	3.9699825154424597			3.98798162887253			13.837922024670508		
69	real	0.0		39.0	0.0	0.07909186716948975			1.1637631287452352			0.3132835616540037			0.35063685813030804	3.7147277137717087			3.1919963968758087			12.6435250018444		
69	PyBDEI (subtrees)					0.08104032298592916	0.07613583649051413	0.08781644999816828	1.1707657456940057	1.1107689653537294	1.205612484166753	0.3082973736608631	0.292003684991712	0.32485101959545126		3.797520983691172			3.2436215337339585			12.339536210555673		
69	PhyloDeep			1	0	0.08703096829936809			1.0990097492345792			0.3023000565110733				3.635493032712425			3.3079715946509256			11.490162864329074		
69	PyBDEI					0.08095162911299575	0.07503984377097646	0.08559086665733387	1.1662925739277406	1.1355528163561222	1.2394395711156052	0.3121166723662841	0.296296074496774	0.3276441601653228		3.73671987813275			3.2039300958151036			12.353055904584169		
70	PhyloDeep			1	0	0.27164645825879735			1.468369905817323			0.3932469937650538				3.7339634608741687			2.5429310734857187			3.6812554318205057		
70	PyBDEI					0.27976177294676263	0.2614158928174137	0.30471878241599776	1.390171937137124	1.302683022324659	1.4583386412444956	0.3845008290197389	0.35831818200585414	0.41342557332164026		3.6155239006409463			2.600774626544859			3.5744697692857965		
70	real	0.0		19.0	0.0	0.2723032250249573			1.3947535496365449			0.3867177336222568			0.584157405024765	3.6066449205014486			2.5858653820535498			3.6723766305314505		
70	PyBDEI (subtrees)					0.28191396228971183	0.2614507522056563	0.3095452360303455	1.3893912113729194	1.293841295675882	1.4905228565782895	0.3809443136236137	0.3547952482805389	0.40887225142721006		3.647229166270445			2.6250555901145036			3.5471815297049374		
71	real	0.0		32.0	0.0	0.13067735491126306			0.4572430631637733			0.12148112555177235			0.4615968161577801	3.7639020966175294			8.23173143529876			7.652435272194281		
71	PyBDEI					0.13278229290026974	0.12493264884787206	0.13951565749911077	0.452993500333182	0.43320048248181897	0.47480183974990153	0.12679168184608638	0.11984091495470778	0.13428585335336415		3.5727383195616502			7.886952719926135			7.531124656441058		
71	PyBDEI (subtrees)					0.13236212602916886	0.12468755317971845	0.1423561332851462	0.4561375726611623	0.43895502400180586	0.47463927658286265	0.1264609076361338	0.11957507305207905	0.13329686236683155		3.6069452701826856			7.9075820242987795			7.555031261583305		
71	PhyloDeep			1	0	0.13606755415441213			0.45267442362032684			0.12727999186376368				3.5565246115418883			7.856694405436222			7.349290624164379		
72	PyBDEI					0.06815152868983046	0.06593531793235241	0.07039773474384312	0.2399067072129266	0.23182317259505078	0.2458469313159688	0.21920441936111024	0.20963018626381977	0.226123015363622		1.0944428397573138			4.561951820654822			14.67318516876085		
72	PyBDEI (subtrees)					0.06798588280290155	0.06570622707465795	0.07030827226730603	0.2410380730508357	0.23142166533898015	0.24918565122621275	0.21624656163067907	0.20808345102772288	0.22333343084830393		1.1146446502233749			4.624350983706597			14.708936013953199		
72	real	0.0		39.0	0.0	0.06804497628753181			0.2393875782371885			0.21662403971064767			0.319331660323189	1.10508315954659			4.616292823897731			14.6961620763065		
72	PhyloDeep			1	0	0.06714543957445494			0.23865718331054592			0.21608132439865027				1.1044785289738657			4.627887221549473			14.89304420877518		
73	PyBDEI					0.044437742333407707	0.042133058930565674	0.04701424267121071	0.3261843551550357	0.315587951829436	0.33683459005487065	0.13530904535568794	0.12951114791753046	0.14148477668219936		2.4106618615007758			7.390488916474815			22.50339345543694		
73	real	0.0		30.0	0.0	0.0455061483669881			0.31819582649715866			0.13775130063337335			0.7415413138540641	2.30992974319742			7.259459586966162			21.9750525123642		
73	PhyloDeep			1	0	0.0445020610120082			0.32571302099351684			0.13360185098463964				2.4379379371844516			7.48492623889598			22.470869376817518		
73	PyBDEI (subtrees)					0.04489979117931337	0.04224848034044565	0.04745134535239431	0.3264575853234925	0.31314585012021057	0.34199718730298356	0.13429898228638826	0.12822966916641163	0.1406256401914585		2.430826948690737			7.446072806922187			22.271818503706736		
74	real	0.0		26.0	0.0	0.15730131081714605			1.1300656775237978			0.3226588412987172			0.32800346569803995	3.5023546014584			3.0992487172362995			6.35722610832178		
74	PyBDEI					0.15444977243932145	0.14293888196603682	0.16375665510941056	1.150684394546092	1.106783172472077	1.2080825491752316	0.3287596897211857	0.30960612480134314	0.3497470051350959		3.500077505006662			3.041735441617186			6.474596784484542		
74	PyBDEI (subtrees)					0.15418824596266084	0.14285015270335755	0.1655349885951998	1.156678747019533	1.1210168284765747	1.235041111046934	0.3261959101479169	0.30764389112873475	0.3468451230752814		3.5459633644548925			3.0656423605879666			6.485578675317223		
74	PhyloDeep			1	0	0.1497281906576274			1.2138486373127133			0.3366833323753543				3.605312531359419			2.970150001025716			6.678769012086892		
75	real	0.0		30.0	0.0	0.05779730721915105			0.5084298586916725			0.1276256694048513			0.605017677164895	3.9837586048527798			7.8354143383790795			17.3018441189359		
75	PyBDEI (subtrees)					0.059065025057412075	0.056404720552386337	0.06321040834079165	0.4964082488963752	0.47660706237085726	0.5114109656200421	0.12323542262590985	0.11681404161999473	0.1297959416150657		4.028129561443213			8.114550010799842			16.930493113784088		
75	PyBDEI					0.059285181764837186	0.054972068078522826	0.062451892676795705	0.4931387168547134	0.4654140070532706	0.5137982930055348	0.1250688329555382	0.11861457858604166	0.13175862355167284		3.942938501952949			7.99559711535406			16.867621389213873		
75	PhyloDeep			1	0	0.05777066387178261			0.5151881525666879			0.12767498813107805				4.035153322573783			7.832387648028178			17.309823584846114		
76	PhyloDeep			1	0	0.17169598292373894			1.3107427233807298			0.43643257551393927				3.0033109280103814			2.2913046736312213			5.824248086480645		
76	real	0.0		35.0	0.0	0.17265877407994604			1.3058667507996935			0.4428951181050823			0.691824159284543	2.94847853908803			2.2578709024350494			5.7917705331150495		
76	PyBDEI (subtrees)					0.17490656643627067	0.1638941065007054	0.1837958574018599	1.3130097273139891	1.2725594237361306	1.3557333249111874	0.44456404146387657	0.42330584212157074	0.4660692445043104		2.9534771255688232			2.249394702970496			5.717338235922448		
76	PyBDEI					0.17558258315751535	0.16586718516385807	0.18456139670019667	1.3032110357283828	1.2489680906210066	1.3532635799847186	0.4511233999561283	0.43049755349320906	0.47200617554181545		2.888812763547888			2.216688383039429			5.695325709514702		
77	PhyloDeep			1	0	0.30153911697201835			3.3032912327320796			0.8832817016990863				3.739793574776708			1.1321416464038525			3.3163193221554605		
77	real	0.0		35.0	0.0	0.30345948987953064			3.2322798643299904			0.8874256126725684			0.362849399126009	3.6423107674294704			1.1268550126566699			3.2953327654936304		
77	PyBDEI					0.3158877076564976	0.30036782233089093	0.33463685811987426	3.2273643599636026	3.1355031437234717	3.3167562592432414	0.942575593461321	0.8931091674368594	0.9914655021512426		3.4239846462734014			1.0609228659611325			3.1656819045564735		
77	PyBDEI (subtrees)					0.3138288874913846	0.2931912987064782	0.33022153596073445	3.2633146293862434	3.1524713893663288	3.3659175632015628	0.9384838674051682	0.8885767712593771	0.990898562637808		3.477219739971709			1.0655484177526875			3.1864498134431702		
78	PhyloDeep			1	0	0.029258868799474355			0.4318025000161068			0.1035080575645584				4.171680062170907			9.661083625072337			34.17767128502129		
78	PyBDEI					0.02495898917953861	0.023620786628340277	0.026540048362827622	0.4935840795818096	0.4750207457734944	0.5134863855458829	0.10383798836519036	0.09779068560408057	0.10999860938225986		4.753405640389638			9.630386872317631			40.06572513039913		
78	real	0.0		23.0	0.0	0.024982913692043			0.4912263757093617			0.10267710145103404			0.9070111542725501	4.784186237898661			9.739269865120733			40.0273567897926		
78	PyBDEI (subtrees)					0.025646276236046026	0.024161341085774966	0.02741048997895355	0.4890201525450161	0.4704410239987609	0.5082455929746104	0.10396779769024488	0.0978033221824456	0.11026107748903013		4.703573254499167			9.61836282210514			38.99201547998976		
79	PyBDEI (subtrees)					0.13448652509137302	0.12911143636893094	0.14026002778326926	0.2268554700161433	0.22051784718673292	0.23813820936804098	0.20148585968976954	0.19494226573492962	0.2107375877448459		1.1259126092790617			4.963127444971639			7.435689183883506		
79	real	0.0		48.0	0.0	0.13422950669592504			0.2239345528162022			0.20157870289601468			0.176087602239528	1.1109038286238			4.96084152558445			7.44992680532855		
79	PyBDEI					0.1343181428250083	0.1288670060245007	0.1399855225958739	0.2257672530004965	0.21693002374830472	0.23601876634222838	0.2023898206826294	0.19519839625698868	0.21009741742836627		1.1155069570150251			4.940959958495716			7.445010621557023		
79	PhyloDeep			1	0	0.13612129815245885			0.2310673150332631			0.2082411973982846				1.109613841642108			4.802123751177766			7.34638894554163		
80	real	0.0		21.0	0.0	0.04653167385329602			0.8961836333111869			0.20769044028067613			0.7823454687341759	4.314997031640312			4.81485810636534			21.4907377532297		
80	PyBDEI					0.047606635353558885	0.04452484964742538	0.050782281267623096	0.8828397253543455	0.8468189396668789	0.9295368979739291	0.20340222417013298	0.1905237201608072	0.21650029220359		4.340364167384455			4.916367085364629			21.005475236242333		
80	PyBDEI (subtrees)					0.047254398922969766	0.04395778355741099	0.05030353341748823	0.8978915570169793	0.8604087374696587	0.939254305135426	0.20290563597783492	0.1895507903091512	0.21646542571382604		4.425168146216813			4.928399327997169			21.16205100037602		
80	PhyloDeep			1	0	0.05379763243467661			0.797628743200235			0.2018486486846513				3.951617949379352			4.954207058191916			18.5881786008751		
81	PhyloDeep			1	0	0.03464633451187472			0.3949342602136607			0.11698224538268777				3.376018804577563			8.548305742710511			28.863082172726212		
81	PyBDEI (subtrees)					0.034765540773048206	0.03256308745082493	0.03688524139484998	0.3959357403651321	0.38460405665836983	0.41320158342347024	0.118601786846251	0.1129678603725045	0.12462154602245834		3.338362354341272			8.431576172594653			28.764114630865873		
81	real	0.0		34.0	0.0	0.033155856723351015			0.41106455860752616			0.11788032158965625			0.504524531724421	3.4871346893542596			8.48318011449799			30.160583945813705		
81	PyBDEI					0.03450427812345765	0.03277896919354343	0.03651051563796174	0.3955758183895619	0.38405169678978135	0.40701931595999535	0.11936027165566428	0.11352062741823665	0.1253708610215884		3.3141330268645524			8.37799701800984			28.98191338540575		
82	PhyloDeep			1	0	0.04478843653355208			0.6617022756537293			0.15990106667854415				4.138198008297076			6.253866973947973			22.327191511828648		
82	PyBDEI (subtrees)					0.039219207010178565	0.03711455795318877	0.041238708423746835	0.7431203352088095	0.7184330918069568	0.7802654441075739	0.15805171205869428	0.14988631493497176	0.1664164706591516		4.70175441650922			6.327043136544063			25.49771084714869		
82	PyBDEI					0.03894075339248074	0.036849299629580244	0.0407918370244095	0.7391481731831567	0.7147823072514203	0.7642375268926539	0.15961117835367375	0.1515294541520652	0.1679240616459656		4.630929868491531			6.2652253452083055			25.680037310040717		
82	real	0.0		34.0	0.0	0.03847822854266194			0.7315427809163592			0.1598195275157893			0.903842773768335	4.57730536616739			6.25705766713148			25.9887223989865		
83	PyBDEI (subtrees)					0.06475714808695457	0.06132860845453744	0.06789334919842231	0.8158438651745716	0.7832363067724079	0.8403379238586145	0.21011102313724733	0.19995279425395865	0.22078738375154275		3.882917959243154			4.759388560717191			15.442310687574144		
83	PyBDEI					0.0640121062523487	0.06043499650009498	0.06729492161333735	0.8145473986339667	0.7911257931894142	0.8549704089953061	0.21204020290816106	0.2019232941400855	0.22204020290816107		3.8414762269717495			4.716086790546604			15.62204493096661		
83	real	0.0		38.0	0.0	0.06430333404620288			0.8110338513184452			0.20742622269937624			0.6175750552243111	3.9099870824619902			4.8209912275619295			15.5512931768279		
83	PhyloDeep			1	0	0.06682947745176304			0.8001554727701273			0.21076849972441936				3.796371250050808			4.744542003703134			14.96345681771628		
84	PhyloDeep			1	0	0.057499095233103016			0.4582481864013172			0.13178040777994268				3.4773620306786133			7.588381435804014			17.391578005635928		
84	PyBDEI (subtrees)					0.05896645577093367	0.05511534990745556	0.06371201720337898	0.4433031283077832	0.4214621937033476	0.46296941997900654	0.12870275459763594	0.12173893470239938	0.13588664822846044		3.4443950301893995			7.769841470186903			16.958794401425255		
84	PyBDEI					0.05908786209082261	0.0557755229818399	0.0632371087427818	0.4404219492575018	0.4213177171337076	0.46222729878666835	0.13001379003757932	0.12297726030757761	0.13719659292550831		3.387501811386328			7.691491800300253			16.923949600053607		
84	real	0.0		26.0	0.0	0.060459993987390076			0.4359138086073677			0.1269856997489026			0.887936182248978	3.4327787260245017			7.874902465217482			16.539862710018898		
85	real	0.0		37.0	0.0	0.20972594639148107			0.5660064406372672			0.14606259734590474			0.8128307659723	3.875094999829789			6.846379690426871			4.76812724989863		
85	PyBDEI (subtrees)					0.2076048445242589	0.19436096770361103	0.22137735970281439	0.5668941113237146	0.5392494411817917	0.5832075983142291	0.14845231260386255	0.14066575223649355	0.1569265117313785		3.818695050150162			6.736169901700682			4.8168432788337405		
85	PhyloDeep			1	0	0.20024418155634724			0.5941863114901498			0.15319226844754108				3.8786964741214858			6.527744579632218			4.99390290508195		
85	PyBDEI					0.2073242996152148	0.19411551748685066	0.22130533161999588	0.5627917580752758	0.5432421304959218	0.5812723950270167	0.1504750019745678	0.14263564057655875	0.15853572216803416		3.7401013503252503			6.645622109172742			4.823361284017157		
86	PhyloDeep			1	0	0.0760208459518754			0.3667392144301243			0.2517672064360465				1.456659982138233			3.971923167261334			13.154286662806209		
86	PyBDEI					0.07670696420181951	0.0735486112957636	0.07998063747666771	0.36687737171901386	0.3556581855362043	0.37424732643785624	0.2557588897964489	0.2469569674694832	0.2634521927979012		1.434465765827342			3.9099325180675866			13.036625949228736		
86	real	0.0		33.0	0.0	0.07631860064898215			0.36292398111624574			0.2491962288251991			0.15070290584563598	1.4563783040666398			4.01290181923844			13.102965613839999		
86	PyBDEI (subtrees)					0.07674930993881701	0.07367503033005111	0.07990209002160686	0.3692724723089719	0.3611124450842739	0.3896842861515649	0.25582003735799763	0.24944100417474357	0.270958900384258		1.4434853349356975			3.90899794374038			13.029433108873288		
87	real	0.0		33.0	0.0	0.03883141767375			0.1299655614952804			0.1073011420252733			0.124218461890226	1.2112225372649699			9.31956530121985			25.752343331930398		
87	PyBDEI					0.037954580558289326	0.03647411280079636	0.039485178150796184	0.13365570273417393	0.1270626316563919	0.13696553376356232	0.10929532634870304	0.10366194269934892	0.11326802227717173		1.222885801244144			9.149522064736178			26.347281020909577		
87	PyBDEI (subtrees)					0.037856827448201284	0.03640813209885211	0.03930844254805654	0.13459300576205638	0.1281023353835883	0.13817697331961684	0.10926417535212901	0.10360131428371833	0.11415288563836673		1.2318127632254523			9.152130575069727			26.415314420319014		
87	PhyloDeep			1	0	0.03805761025417352			0.137973428288881			0.11321659572268582				1.2186678764554526			8.832627351288789			26.275953569374124		
88	real	0.0		28.0	0.0	0.4951937247384661			1.9533979523420488			0.4558824400888929			0.287064654218774	4.28487210861018			2.19354796777215			2.0194116969639397		
88	PyBDEI (subtrees)					0.4993495320874508	0.4690851907350372	0.5407470340168335	1.9599479490654248	1.8389335476105684	2.0222909281762402	0.4779172287616784	0.44792191371700646	0.5085245631474308		4.101019655942947			2.0924125346790268			2.0026052609274707		
88	PyBDEI					0.4978860958433556	0.47020644946695783	0.5178482208042036	1.9563178844759688	1.9083228711861617	2.066123201905881	0.4828236432707216	0.45170628677513114	0.5144375328400846		4.051827021608906			2.071149609049479			2.0084915171333058		
88	PhyloDeep			1	0	0.4854434354748568			2.0434348264011315			0.48770536277248866				4.189896159403891			2.0504182982841086			2.059972237593054		
89	real	0.0		28.0	0.0	0.05757583715002707			0.9349368955130328			0.19720893191169325			0.7978862096114008	4.740844577626339			5.0707642412859			17.368397048127502		
89	PyBDEI					0.05723576661014947	0.054005509807633495	0.06003086692070203	0.9362015794420734	0.9050929235885198	0.9724292522921676	0.19482474229242308	0.18445450830584736	0.20547149577203846		4.8053525872852285			5.132818287007127			17.471592663575375		
89	PyBDEI (subtrees)					0.058609618336145926	0.05581481112201944	0.06214282299412256	0.92808309439632	0.8968451925021604	0.959620049291595	0.19317801974686827	0.18268074219368216	0.20390453176956957		4.804289305856009			5.176572372521235			17.062045930151992		
89	PhyloDeep			1	0	0.06329645674997475			0.8696749560252778			0.2007029007657107				4.33314592219316			4.982489023252055			15.798672648455932		
90	PyBDEI					0.2887311785266731	0.2689848859279286	0.30938317548579225	1.4339715982869914	1.3717201993272254	1.4838455411982936	0.35459383904550035	0.3318093263110405	0.37935757417082866		4.043983398434029			2.8201279601806144			3.463429218495776		
90	real	0.0		21.0	0.0	0.27893264075157304			1.4520394609171634			0.34928025440687704			0.575876588981556	4.15723317478371			2.86303043868921			3.5850949437310002		
90	PyBDEI (subtrees)					0.28881515156923354	0.26763721074423397	0.3122275318742358	1.440330065787487	1.36558494358659	1.5394341431012362	0.3534295370199076	0.3299518422032687	0.3779360153045383		4.075296246975412			2.829418300552716			3.4624222260039024		
90	PhyloDeep			1	0	0.285885378285796			1.4714825363370303			0.36185162791095793				4.0665356263068215			2.7635636345570718			3.4979053703135268		
91	real	0.0		18.0	0.0	0.024843419902197975			0.15584505646256214			0.12011065648701252			0.5723858711868559	1.29751231922884			8.32565593468494			40.25210715500272		
91	PyBDEI					0.02486150049567775	0.023734897724062655	0.026018422798908536	0.14651880456280109	0.14097349134633586	0.15427261690640098	0.11449712524449587	0.10938193718360995	0.11963464483076633		1.2796723433005543			8.733843735068556			40.22283370120211		
91	PhyloDeep			1	0	0.02552229350130507			0.13630434324714247			0.10852466923657651				1.2559756616259123			9.214494796755076			39.18143171376293		
91	PyBDEI (subtrees)					0.024931636817305654	0.023766466812014036	0.026099065117669743	0.14639836278938412	0.14084209396136313	0.15272441753724358	0.11347151597174747	0.1088042843655079	0.11981432321370684		1.2901772002925815			8.812784348884378			40.10968101804996		
92	PhyloDeep			1	0	0.03679658042457227			0.4360466745259704			0.13246489076973797				3.29179054157033			7.5491701551189685			27.176438366327467		
92	PyBDEI (subtrees)					0.033194924395383164	0.03104597971382845	0.035629790066042756	0.4953791141111849	0.48331064746354907	0.5034561708442725	0.148119214541666	0.13875183565182916	0.159456478449805		3.3444621998845028			6.751318544959606			30.125087440749912		
92	PyBDEI					0.0332650297718886	0.030595913196386004	0.03515025790147454	0.4992517263635101	0.49047769365151267	0.5103809293150139	0.15129591148993699	0.13983154870035236	0.15964739297612168		3.299836204739189			6.609563934359932			30.061599429112		
92	real	0.0		28.0	0.0	0.033180261010920975			0.4874823927574786			0.14465241205390025			0.024412580832832997	3.37002602193618			6.913123575342669			30.1384006494361		
93	real	0.0		31.0	0.0	0.02858901755705904			0.3371102327221689			0.10865812577242588			0.176422734291013	3.10248525202997			9.20317733157302			34.97846674878429		
93	PyBDEI					0.029244064575204308	0.02706353827001131	0.031116201807141208	0.32658058315551985	0.3092853721121972	0.3410518847597026	0.10568588856951956	0.10015935122019795	0.11177969751476413		3.0901058559080665			9.4620011577251			34.19497304926238		
93	PhyloDeep			1	0	0.029325942501567517			0.32696007110667485			0.10401335859861088				3.143443068389116			9.614149696473268			34.09950080706011		
93	PyBDEI (subtrees)					0.029287261125678633	0.027193215290766	0.03126193075539293	0.3279752005371406	0.32004266582820995	0.3456603836011263	0.10481168816135007	0.09879516858360325	0.11052185752940603		3.1291853636804916			9.540920650572591			34.144537985602724		
94	PyBDEI (subtrees)					0.09664862133673058	0.08924434960593684	0.10256782038952814	1.1860366400346818	1.1383035989545087	1.2658215698498703	0.25463514146136496	0.23699574908998744	0.2730015852378633		4.657788525291336			3.9271877175355514			10.346759076013406		
94	real	0.0		21.0	0.0	0.09300458713634634			1.1947246443977175			0.2589623324117321			0.7397061400763271	4.613507428942169			3.861565466633462			10.7521578321076		
94	PhyloDeep			1	0	0.10519046251121097			1.1031269159593828			0.2639578828461224				4.179177769062743			3.7884831823073934			9.506565292394471		
94	PyBDEI					0.09540238839416973	0.08876020944460834	0.10304208441855714	1.1903354167282305	1.1208765746324834	1.2682352639253323	0.257270604318779	0.23979687216659215	0.2755778914399769		4.626783615174738			3.8869578693138194			10.481917872625424		
95	PyBDEI					0.01977860068041539	0.01853732087049703	0.021812893136548897	0.4560537378384147	0.4309648269756151	0.4731798111778352	0.10276065093423893	0.09694394176535895	0.10854936584417954		4.438019160955528			9.7313513578261			50.55969409353574		
95	real	0.0		29.0	0.0	0.020781772747787003			0.4360822781589954			0.10315203328090508			0.7234656189874109	4.22756841807907			9.694428390730659			48.1190903267137		
95	PyBDEI (subtrees)					0.02055812613678132	0.01925066351703524	0.02273993151148581	0.4465261698314397	0.41857441327177614	0.4635799768714322	0.10231125451567973	0.0964540674715868	0.10827548499524245		4.364389547808813			9.77409577014565			48.642565637870185		
95	PhyloDeep			1	0	0.02430601935621948			0.38637931513692414			0.0983005103607941				3.9305931751400816			10.172887163349227			41.14207206636317		
96	real	0.0		27.0	0.0	0.2913660436934683			1.297856679776292			0.44347908067240055			0.278416699249097	2.9265341621266305			2.25489779243658			3.4321089284242405		
96	PyBDEI					0.28397878172058777	0.2646063805477859	0.30461017781694893	1.3171274904767083	1.265717433444904	1.3637034734146096	0.4639674127514084	0.43881272516112724	0.4941677158168818		2.838836207624821			2.155323784637857			3.5213898515274265		
96	PyBDEI (subtrees)					0.28297913174473144	0.2687600432568911	0.2983446298255003	1.3280385286257836	1.2926332943750962	1.3728851495265524	0.462014275370968	0.43453453952047416	0.49008225014943013		2.8744534518104516			2.1644352854618267			3.533829487123014		
96	PhyloDeep			1	0	0.26067849354094497			1.4423364089279576			0.48790876820593576				2.9561600506412264			2.0495634945792194			3.836143083445161		
97	real	0.0		27.0	0.0	0.039147417533795935			0.3230127031716749			0.1515333977863592			0.48029474654307397	2.13162713890358			6.5992052881296805			25.5444691629199		
97	PyBDEI					0.03809268275834452	0.03562853657463833	0.040809370199093434	0.33223680486418605	0.3202919232355757	0.3485430029214322	0.15018600683233527	0.1412097882310506	0.15822625106452856		2.2121688423015917			6.658409935063927			26.251760904945503		
97	PhyloDeep			1	0	0.039247669924082296			0.32716061623110093			0.14582593677138098				2.2435008714808253			6.857490664145383			25.479219580024086		
97	PyBDEI (subtrees)					0.03811425632225272	0.035604257963260985	0.040747991519518745	0.3348841576469789	0.3161497555959346	0.3517318240229603	0.14895061583774402	0.13987027781727762	0.15762184084814473		2.2482898493805314			6.713634545085246			26.236901791945964		
98	real	0.0		32.0	0.0	0.022910359183603			0.1211099935046648			0.10751659766761283			0.32154396609581104	1.126430673328			9.3008895528065			43.6483772247317		
98	PyBDEI (subtrees)					0.0229043549341267	0.02211796620889951	0.023722778336764623	0.12013951092839027	0.1165876709462309	0.12335919055556183	0.10522874522831953	0.10087515488973975	0.10921675906291822		1.1416985983033272			9.503106758806783			43.6598194044764		
98	PhyloDeep			1	0	0.023577811388966356			0.10940978100425387			0.09784846395574437				1.1181553248882736			10.219884498670183			42.4127576348315		
98	PyBDEI					0.022888441226830827	0.022122440548058255	0.023673230848304964	0.1189358993147063	0.11354553426044485	0.12196556261956602	0.10583932011993596	0.10190452684910353	0.11049470807800915		1.123740205246306			9.448284426494908			43.690174883021584		
99	real	0.0		33.0	0.0	0.10557478287890998			0.1896098780028855			0.12284323312387455			0.894496690411466	1.54351097069941			8.14045653610895			9.47195885921887		
99	PhyloDeep			1	0	0.11115393941150892			0.18566321766938843			0.12415543728087139				1.4954094781154907			8.054419700828277			8.996532244330512		
99	PyBDEI					0.10970359323324516	0.10511734175454383	0.11486231821905306	0.1859468827872552	0.17929869980062552	0.19339963277493674	0.12489302612484238	0.11938819457920678	0.130179165768456		1.4888492060508145			8.006852192054387			9.11547170450343		
99	PyBDEI (subtrees)					0.11009990373292587	0.10496401633092377	0.1149774945743993	0.18727611352907814	0.1796603059005951	0.19446445920441552	0.12420483040912393	0.11876163223096325	0.12968627874748961		1.507800565502975			8.051216661268768			9.08266007594106		
