	type	T	sampled_tips	observed_trees	unobserved_trees	mu	lambda	psi	p	R_naught	infectious_time	incubation_period
0	real	24.779947875000005		1.0	1.0	0.7299648936648243	1.4210610634344352	0.6069550954814479	0.447322979907068	2.34129521938888	1.6475683414549502	1.3699288947711599
0	zero				0.23801612448168794	0.7288727952354951	1.4479031987853008	0.6238463210003495		2.3209292898667098	1.6029588799954464	1.3719815124625483
0	max				0.23801043266431124	0.729638086832344	1.4465834072221824	0.6232621564494819		2.320987071416126	1.604461284311996	1.3705424895531526
1	real	31.438351200000003		14.0	8.0	0.2523725112488919	0.907081384137969	0.2692907505391973	0.6225767763228239	3.3684089866500497	3.71345840136623	3.9623966772426797
1	zero				1.4795321960455008	0.2471747228221563	0.9221426663557118	0.2772697392409118		3.325796276507795	3.606596243563125	4.045721134355254
1	max				1.4773026677113386	0.246970470613572	0.9230505490439016	0.2770445811452332		3.331776226151909	3.609527375941624	4.0490670707133765
2	real	117.83840175		30.0	0.0	0.030297118608495	0.4991666375631278	0.1276765447281153	0.997036566631611	3.9096189407858226	7.832292157729365	33.00643909152504
2	zero				0.9118847809193003	0.0305505076672755	0.5091239398994505	0.1265642594023999		4.022651752583133	7.90112473080246	32.7326802844314
2	max				0.8746345804921205	0.0309109595212398	0.504906392390224	0.1263835995490263		3.99503095490141	7.912419044625195	32.35098539444789
3	real	57.11083762499998		1.0	0.0	0.120403752385062	1.6863982922081189	0.4226364125557624	0.8293398478248979	3.9901869363554106	2.3660999627382098	8.305388994870444
3	zero				0.038540491137464605	0.1309572013678098	1.6457662200304914	0.4286190701637607		3.8396943453815537	2.3330739801612985	7.636082548766246
3	max				0.03855856208031893	0.1310427897695546	1.6447560378292374	0.4286527088419645		3.8370363791066704	2.332890891326852	7.631095169437026
4	real	188.51788139999996		48.0	25.0	0.046772137207395	0.2622941833873121	0.1425560999861663	0.6549452351128721	1.83993658224913	7.014782251317484	21.38025028802603
4	zero				7.1862000063638	0.0472315690497223	0.269588394803455	0.1415158496544327		1.905004955005127	7.066346295781694	21.1722798992188
4	max				7.172956025917813	0.0471830221087285	0.2698355206833446	0.1413099232178137		1.9095298797057791	7.076643856487064	21.194064205883212
5	max				13.70001556878871	0.8959839645312504	0.2876415705548852	0.2061569185274975		1.395255481161643	4.850673977582851	1.1160914029562654
5	zero				13.715364415588674	0.9031835186662504	0.2868358814155399	0.2058426380706054		1.3934716543865575	4.858079984657956	1.107194694469979
5	real	74.06885024999998		34.0	46.0	0.9240026020199156	0.2873148575232718	0.2058475154582213	0.4271495730639	1.3957654863295401	4.857964876447388	1.0822480345985501
6	real	37.4420265		29.0	869.0	0.4975835768756962	0.6147459861167709	0.1343323107256829	0.032288791520142	4.5763076864815515	7.444225403388454	2.00971263215509
6	max				7.8502865633866685	0.4497422860900496	0.644203647634049	0.1417307421273218		4.545264054677268	7.0556322854900735	2.223495612773612
6	zero				7.9259899679249415	0.4485969597410914	0.6455743849719742	0.1431073005813538		4.5111212520215	6.987763698550923	2.229172486093423
7	real	145.0974609		2.0	4.0	0.0509387700428008	0.6308707935278659	0.2150041801769944	0.315735053639742	2.9342257113723296	4.65107236136891	19.631412363505437
7	max				0.539294328815281	0.0519347152335554	0.638288494028802	0.2223798639098822		2.870262094806675	4.496810018758004	19.254943355381894
7	zero				0.5394990909055062	0.0519651478105482	0.6378365574869119	0.2223131423409166		2.8690906474111686	4.49815962057026	19.24366699861504
8	real	194.65445025		7.0	0.0	0.054506245629029	0.4189545259980157	0.2118551247988796	0.969111940083884	1.977552001141071	4.7202067967406025	18.346521365753706
8	max				0.07565005929081296	0.0568001739487769	0.4108768122808665	0.2146320166678106		1.914331415507254	4.659137138648405	17.60557988610759
8	zero				0.07564467982376528	0.0567905084758002	0.4109583885016563	0.2146510774173143		1.9145414663011016	4.658723413047902	17.608576271616283
9	max				13.002470606620692	0.0403709935744229	0.1983022710327142	0.1688403734268719		1.1744955724029054	5.922754017321096	24.77025981925672
9	real	630.3244340925		34.0	36.0	0.040174735893102	0.1952277932119866	0.1653904539507312	0.488340826384015	1.1804054499429801	6.046298175696971	24.89126506421415
9	zero				13.010720248537956	0.0403760914503708	0.1982377851322346	0.1689245219140769		1.1735287623490676	5.919803641703647	24.767132331993366
10	zero				15.82373197197449	0.0810411332252737	0.2382331700369443	0.1064284370817159		2.2384352957661924	9.395985015097033	12.339412841380865
10	max				15.78449179658429	0.0809385226562172	0.238279956011782	0.1062646575903312		2.2423255428008124	9.41046649635078	12.355056247412069
10	real	169.2468582675		26.0	241.0	0.0818265224793332	0.2376218173182294	0.1047980768032791	0.097229373886524	2.2674253628172907	9.542159842085102	12.220976398606803
11	max				0.0467508725990413	0.1817182551573349	0.5199480838224239	0.1178107161770058		4.41341926010553	8.488192181919514	5.503024443714706
11	zero				0.04677552991970553	0.181522098138951	0.5203200074760792	0.1178540247887995		4.414953230562294	8.485072968802308	5.508971140442212
11	real	46.68773700000001		11.0	0.0	0.1769383037796349	0.5313673599444807	0.1162934665687773	0.9794623100045532	4.569193572282273	8.598935344390894	5.651687501454941
12	real	15.990396464999998		31.0	5.0	1.0078753755368204	1.251481111615416	0.5541087076859079	0.859900914773923	2.258547996550901	1.8047000275022604	0.992186161376722
12	max				1.4881585805885547	1.091220903018025	1.2370687252793438	0.5734172831049297		2.157362119573526	1.7439306931685383	0.9164047327486738
12	zero				1.4891922497815924	1.0917928929562382	1.2363657618367778	0.5736377430539148		2.1553075556964787	1.7432604672702168	0.9159246286100184
13	real	166.34549699999994		3.0	1.0	0.0554118989833059	0.3459652947103291	0.1055188323559483	0.82375001633051	3.278706625024802	9.476981290189837	18.046665397648127
13	max				0.13113662062047285	0.0564047994819309	0.3446341496299169	0.1024502964397919		3.363915592303353	9.760830712556116	17.728987766729784
13	zero				0.1312005974652575	0.0564505883485296	0.3443889158428885	0.1024414647087256		3.3618117119088278	9.761672217820442	17.71460722120263
14	real	146.826123		4.0	269.0	0.164552752962364	0.2933530217922129	0.1234027896112856	0.014676794147326	2.377199273341101	8.103544523993051	6.077078517359822
14	zero				2.7712707689426335	0.1654499653973437	0.2910539825023008	0.1220336323460853		2.38503088785292	8.194462303342872	6.0441233553503935
14	max				2.767195486832749	0.1647549743429381	0.2918209903638124	0.1222455244699394		2.387171159264585	8.18025857663119	6.069619469688945
15	max				38.38387981023518	0.1340851861381078	1.1920169442204993	0.296519083536288		4.0200344949286215	3.3724642207644617	7.457945421129514
15	zero				38.95926747200244	0.1345117426928578	1.196399165084346	0.3014733973526333		3.96850659325313	3.317042262373487	7.434295177361471
15	real	46.65162689999999		92.0	3580.0	0.1390087963499249	1.152667875605596	0.2992340417689021	0.025057708098227	3.85206131224802	3.3418657653005206	7.193789359075622
16	max				0.27662337977162593	0.1365260194408245	2.189209674531436	0.546694441861004		4.004448384510991	1.829175355425048	7.324611118787049
16	zero				0.2768501590220116	0.1367052255130273	2.1864830677456104	0.5465120440792105		4.00079575817858	1.8297858406484848	7.315009329359579
16	real	51.2269196175		1.0	7.0	0.1354283063545529	2.229957450884843	0.558194370222384	0.129623054853193	3.9949479425892997	1.7914906587137398	7.383980697373473
17	zero				5.441623563469734	0.0464351474140043	0.1794320419413345	0.1074337037464549		1.6701652803927962	9.30806595256191	21.53541133581954
17	real	239.73496350000005		51.0	16.0	0.0458908304993859	0.1780435041793792	0.1062917469608581	0.758180898887686	1.6750454223406797	9.408068157617635	21.790845559297118
17	max				5.435791493583574	0.0464137940009357	0.1795470189329874	0.1073402563786363		1.6726904238019142	9.316169289484082	21.545319048467324
18	zero				2.5102303337255387	0.1134659000835286	1.1731771931575523	0.3432399784765403		3.417950316756987	2.913413537777469	8.813220529373531
18	real	45.304535722500006		23.0	13.0	0.114416769959509	1.1752395018773178	0.3508021480942052	0.638127425862025	3.3501491033108395	2.850609682502451	8.739977543098712
18	max				2.506066467583017	0.1135264560962103	1.173385252107717	0.342719422059019		3.423748922830672	2.9178387206424263	8.808519479834107
19	real	65.01152962500001		33.0	26.0	0.0632796277062431	0.7341348163315163	0.1674935987226959	0.5576676637930279	4.383061931500782	5.970377421143182	15.802874262190723
19	zero				4.306363882627198	0.0654226801109501	0.7244001365588199	0.1658751357624606		4.367141182607306	6.028631086891992	15.285219106036363
19	max				4.290760237351564	0.065675792572195	0.7226012865432758	0.1654276695735476		4.368079949418704	6.04493796338834	15.2263103471608
20	max				2.401605934581755	0.0498605702571752	0.4766802071083642	0.2139365847570997		2.228137873891834	4.674282339953144	20.055927857264997
20	real	165.20958899999997		15.0	10.0	0.0496271699862989	0.4778842627671259	0.213452735658054	0.5988352752009151	2.23882941248729	4.684877881359062	20.150252377398925
20	zero				2.403122455148843	0.0498625188402726	0.4768491442567574	0.2141722197649179		2.226475239319842	4.669139634905177	20.05514408935809
21	max				36.55327974755321	0.0301930429252985	0.5547139424850046	0.1151080325695128		4.819072397489004	8.687491026276621	33.12021257592777
21	zero				36.94619854211633	0.0298468139758452	0.5594357549812644	0.1156931951122955		4.835511323187658	8.643550720760778	33.50441359701874
21	real	110.875516875		114.0	380.0	0.0294704721375339	0.5649532010334002	0.1165741065971485	0.230756691362523	4.846300928436362	8.578234302543313	33.93226940285051
22	max				1.1573662584378654	0.6690645169613474	0.195289093135593	0.1658685525115406		1.177372625362517	6.028870360645508	1.494624172481368
22	zero				1.1573606012422706	0.6673950458202023	0.195390545549881	0.1659538155296176		1.1773790492633165	6.025772874270136	1.498362935510016
22	real	340.47855855		2.0	4.0	0.6634482255057563	0.1900801378953291	0.1648242516504737	0.360060548741338	1.153229188010591	6.0670683469602515	1.5072766216801399
23	max				0.32810285316630894	0.0301193617164087	0.4788451265461619	0.1134715205388614		4.219958666916501	8.812783994178721	33.201234787628586
23	real	238.804836		2.0	4.0	0.031543095471824	0.4675801429899098	0.1160298745298559	0.359062840569089	4.029825464213492	8.618470062575891	31.702659014339737
23	zero				0.3274737678472183	0.0300158189588682	0.4799136160030416	0.113464576741665		4.229633862696232	8.813323318314488	33.31576597561222
24	max				1.1885672394809623	0.24327766057389	0.6876386313853436	0.1807568307080152		3.804219340933885	5.532294387343766	4.110529498027103
24	zero				1.1905636160472075	0.2436228880528667	0.6866812353258771	0.1808770020564032		3.79639880979312	5.528618832858407	4.10470464410141
24	real	36.456381		20.0	7.0	0.241348172642009	0.691369245361368	0.1741817504927378	0.7447356683104871	3.9692404250478206	5.741129579712734	4.1433916364608105
25	max				19.073405336611	0.1206697680414276	0.2033916151652315	0.1758113077944133		1.1568744793313837	5.6879162810697	8.287079823147465
25	real	340.673478525		27.0	61.0	0.122195509556308	0.1999960705141021	0.1753578856212316	0.305363243821061	1.14050229224415	5.702623503113932	8.183606775985476
25	zero				19.085679782492626	0.1206758435797868	0.2033223706700474	0.1758686934596346		1.15610326471615	5.68606032334868	8.286662602352832
26	real	121.954946475		15.0	43.0	0.080845751403843	0.469349431171597	0.2023409901590217	0.25997681994349	2.3195963941993702	4.94215234992223	12.369233789476105
26	max				5.87271564228861	0.0825763758008387	0.4559496449459349	0.2001179729237831		2.278404274660466	4.997052415581181	12.11000107841792
26	zero				5.879451292274023	0.0826022070838883	0.4560511018578724	0.2003657993546753		2.2760925433716293	4.990871711742886	12.10621405048451
27	real	170.22213705		28.0	508.0	0.101451189975639	0.2442159876704989	0.1214673218114302	0.05227976387643	2.0105488787315795	8.232666902398922	9.856956830571681
27	max				22.7935598353563	0.1010952658095252	0.2440997882015038	0.1206397778414071		2.0233773019907004	8.289139932888457	9.891660029700224
27	zero				22.858182721651193	0.1012183173338174	0.2441493956544078	0.1208698139761397		2.019936886000371	8.273364267751784	9.879634697956952
28	max				2.196170444289132	0.1611641415391715	0.5874339032613353	0.2021110084946041		2.906491376381501	4.947776014024973	6.2048541967814
28	zero				2.1994147209980595	0.1612144125368391	0.5872349073913713	0.2023844832199107		2.901580684687583	4.941090265864903	6.202919356056269
28	real	54.13305239999999		18.0	11.0	0.1607901496667318	0.5863806506924701	0.1957255557445179	0.611773575618017	2.9959329963935697	5.109194842728192	6.219286455499235
29	real	206.4487995675		14.0	75.0	0.030004014838639	0.4082159030659852	0.1335711762054686	0.158022100106939	3.0561676153696418	7.486645161091713	33.328872998429716
29	zero				5.419785817034397	0.0301267924246168	0.4231749101863825	0.1413439970220731		2.993936206008784	7.074937889607254	33.19304577485956
29	max				5.410972909737772	0.030073160914768	0.4236056460871529	0.14123640019951		2.999266800122129	7.080327724208514	33.2522411872218
30	real	75.64411515		18.0	12.0	0.1923527847873552	1.2371243973738468	0.7191845017329399	0.600737301602517	1.72017666453168	1.3904637788918002	5.198780985185599
30	zero				3.47908717425091	0.1897575254742179	1.2628576173178576	0.7223890974195568		1.7481681573391767	1.3842955321060295	5.269883223344776
30	max				3.477640373408467	0.1896711513622744	1.2635717824539676	0.7224223768102513		1.7490761956088363	1.384231762608671	5.272283068973345
31	zero				0.7036652127121193	0.1356242337509972	1.3954133734210747	0.2824135906456777		4.941027697111754	3.54090607932046	7.373313546869324
31	max				0.702546852155599	0.1357455785428682	1.395194328058035	0.2821884439341743		4.944193704769462	3.543731224632531	7.366722443075385
31	real	33.89326162500001		15.0	3.0	0.141030036025229	1.3415561957918247	0.2775524837643472	0.8219365221323579	4.83352257416964	3.6029221804732203	7.090688112857809
32	zero				12.09890776610419	0.2401366161702898	0.998561333773724	0.574919344355377		1.7368720387958974	1.7393744180259596	4.164296207500745
32	max				12.086238862121903	0.2398449462793095	0.9995747573346976	0.5751327264290109		1.7379897046392054	1.7387290864301577	4.169360311788507
32	real	78.209463		13.0	141.0	0.2358815651400631	1.0073646368569718	0.5789556643538523	0.084442022662682	1.7399685310640298	1.7272479769518403	4.239415655081881
33	real	41.3982636		13.0	45.0	0.167549028340629	1.374783141757225	0.4346021942934824	0.223869740549289	3.1633138530102496	2.3009547883799	5.96840226352724
33	zero				4.023107985020627	0.1740144672943743	1.369037723882047	0.4426990753023238		3.092479294082819	2.2588707675006763	5.746648629555232
33	max				4.0161826504251765	0.1738927615316332	1.369626722474207	0.4421831050015192		3.097419840293313	2.261506576549469	5.750670650072389
34	real	432.7557267750001		58.0	4.0	0.1786418590542569	0.2696828284789141	0.2657302945622936	0.931273334593158	1.0148742314952501	3.7632141327626307	5.597792170849953
34	zero				2.0741562735396815	0.1783672643758696	0.2713579441518842	0.2644902655326598		1.0259657141082057	3.78085748443743	5.606409917756661
34	max				2.073419791000007	0.1783099420065429	0.2715119077241834	0.2644613233647019		1.0266601719668416	3.7812712546286513	5.608212244067165
35	zero				7.626887961457122	0.1016759273501054	0.1808121614477935	0.120854032577513		1.4961202170215109	8.274444622761122	9.835169701050802
35	real	297.506144025		16.0	30.0	0.1020712643303169	0.1792889974537792	0.1202607152379666	0.350139560960445	1.4908359483727502	8.315267359097641	9.797076646017238
35	max				7.623575498212504	0.1016351959225988	0.1808796235202765	0.1208454228299121		1.496785060488898	8.275034143473377	9.83911125395536
36	max				7.0255091181426685	0.0550101944264198	0.4347751365867438	0.1130364494105292		3.846326904764268	8.846703919088691	18.178448748032945
36	real	97.9981455		34.0	65.0	0.052300244692993	0.4425895541035867	0.1125880521142171	0.344795403114044	3.9310525921044737	8.881937125846452	19.1203694336439
36	zero				7.044093412466313	0.0549535658110988	0.4350491343092693	0.1133564219158921		3.837886967110393	8.821732223887388	18.19718129734236
37	max				4.459033140738512	0.2344955384699308	0.2678502370547972	0.1913493421299056		1.3997970103965955	5.226043574903475	4.26447345874868
37	real	175.85824972499998		14.0	14.0	0.2259720048368999	0.2713654321747469	0.1974622196477748	0.501978464893768	1.3742650754093502	5.0642598963171785	4.42532693694412
37	zero				4.461065360086624	0.2346451716272376	0.2677760075366247	0.1914036754663946		1.399011836549811	5.224560069514305	4.261754005271507
38	max				2.23186875286681	0.0502436167554879	0.6463024635863348	0.2092171455416143		3.089146742315066	4.779722987861409	19.90302578865948
38	zero				2.233106437149609	0.0502629250815114	0.6458364683560542	0.2092357555165462		3.0866448555203174	4.779297866807094	19.89538011125096
38	real	111.85481579999998		19.0	11.0	0.050113610275174	0.6417996914954104	0.2085611368640857	0.6273096415059279	3.0772736529224805	4.794757139493711	19.9546589141951
39	max				0.19564076768238708	0.0249290834273884	0.1751981623116337	0.1115441831014536		1.570661574994766	8.965057362878907	40.11378929805929
39	zero				0.19565737681438178	0.0249277364467253	0.1751047017681234	0.1114997110642721		1.570449825355935	8.968633106354567	40.11595686343856
39	real	564.5481724200001		8.0	1.0	0.024827203645465	0.1745867248044645	0.1110981887874855	0.9395324424236692	1.5714632858544908	9.001046829960956	40.27839841651529
40	real	81.40617645000002		2.0	1.0	0.101013532083458	0.4931174510008712	0.1186821873066419	0.629964716453568	4.154940705017445	8.425864257256036	9.89966373192251
40	max				0.1676258728242516	0.1014165543764382	0.494002203737608	0.118920540865907		4.15405278298084	8.408976218226119	9.86032316073565
40	zero				0.16764487276181808	0.1013992211594607	0.4939945137726902	0.1189317069722434		4.1535981139830085	8.40818672713898	9.86200868769393
41	zero				10.419748426318558	0.2173350935230566	3.2967714272152637	0.8202719921339242		4.019119827118279	1.2191078198324392	4.601189728680021
41	max				10.390635652866605	0.2174052865043468	3.2908569885528864	0.8171201687324813		4.027384360929031	1.223810203523923	4.5997041565960535
41	real	23.867505825		27.0	397.0	0.218092332313404	3.2091423858191845	0.7891899301837478	0.063667672771548	4.06637523247667	1.2671220979304298	4.58521392931401
42	zero				10.336317283316772	0.2651615206929741	2.741782151840315	0.6566943666340974		4.175126651220392	1.5227784047022117	3.771286261244076
42	max				10.305016987719808	0.2650458353373799	2.7418225010079413	0.6545038435209628		4.189161802714646	1.5278749084503602	3.7729323259393546
42	real	18.034492425000003		44.0	114.0	0.2466071196833712	2.895548920727044	0.6368477290269376	0.279079521428259	4.5466895597653405	1.5702340676128903	4.05503296613634
43	zero				3.970723721682061	0.0268548933007214	0.4778152447404203	0.1041667749531945		4.587021581066688	9.599990020323965	37.23716154080332
43	max				3.8844773751427595	0.0272438541408934	0.4729896617589501	0.1039604159756654		4.549709207297376	9.619045774442412	36.7055261281473
43	real	119.29103385		39.0	11.0	0.0251018394172429	0.5101451072539642	0.1061410245495158	0.776957855461345	4.806295298345992	9.421427805546482	39.837718000581354
44	real	13.526012475000003		11.0	2.0	1.0171827845877903	2.0787965886559667	0.8503840099849905	0.8341353021594431	2.444538660472529	1.17593932653749	0.983107476013022
44	zero				0.6048660272028415	1.06067632363667	2.101799344907738	0.912871130982458		2.30240531612137	1.0954448728417685	0.9427946845946056
44	max				0.604727412892365	1.0607576732727757	2.102080620597246	0.912715073376354		2.303107160070383	1.0956321739058803	0.9427223815545744
45	max				0.23346191867120292	0.3399058512710186	0.5267841119440124	0.1121377615519847		4.6976513946179175	8.917602653736058	2.9419911315462044
45	zero				0.23373576095909304	0.3421631905959718	0.5249397322899285	0.1118551712883792		4.693030516546759	8.940132033966062	2.9225820529035387
45	real	59.2922274		1.0	10.0	0.3605861590513078	0.5117192546458804	0.1071640303132273	0.090006170597913	4.77510273876587	9.33148927935169	2.77326229778473
46	real	37.6540755		16.0	14.0	0.5087228651887722	0.5836956750750815	0.2607110029969161	0.539501293138565	2.2388609163610402	3.8356647341494403	1.9657068090087306
46	zero				3.0918721675313363	0.534645921088999	0.5692634962455677	0.2587813199208179		2.199785890340738	3.864266556434525	1.870396762708186
46	max				3.0886497052560355	0.5342043375123896	0.5696670656905419	0.2586596366839963		2.202380986046549	3.866084452989846	1.8719428686346211
47	real	72.86163892500001		10.0	13.0	0.2166376585402171	0.3863902700850797	0.1738321219851434	0.434385290645901	2.2227783085919106	5.752676712336661	4.61600262271279
47	zero				2.576603660299391	0.2075037086852957	0.3988185360585043	0.1800676910400026		2.2148256233812957	5.553467111308971	4.819190974155648
47	max				2.5750114081471196	0.207442410214868	0.3989226202017209	0.1799986707995711		2.216253144701952	5.555596580563098	4.820615027390995
48	real	93.3104147025		1.0	1.0	0.0576766782506981	0.8820970383435555	0.2174979871765889	0.566260800361252	4.05565609960046	4.5977436986030105	17.3380303847144
48	zero				0.1171518802428232	0.0587744716123104	0.8768634805735149	0.2275699069675983		3.853160957254176	4.39425411437366	17.01418953786985
48	max				0.11711072500679236	0.0587111317577053	0.8777475608708387	0.2275973219165397		3.856581235137335	4.393724810025231	17.03254510791744
49	real	611.2985032499998		5.0	14.0	0.045368502922464	0.1674111459318397	0.1210675748043878	0.257488166109756	1.3827909430112106	8.259849936002496	22.041723565554435
49	max				3.4150916939195217	0.045305882313018	0.168359257403866	0.1205788658859198		1.3962584252795294	8.293327297887375	22.07218906125711
49	zero				3.415888360053089	0.0453121772294335	0.16834017498109	0.1205906408472164		1.3959638475955225	8.292517503634134	22.069122720292224
50	max				5.068692601266654	0.1364700017427576	0.6563010058431904	0.5487399825097118		1.196014554728705	1.8223567297327408	7.327617697880402
50	zero				5.068219626565686	0.136524378186415	0.6550587469542651	0.5476504078458195		1.1961257356329484	1.8259823888993263	7.324699173026565
50	real	336.536274225		7.0	17.0	0.138268211809818	0.6480428149757512	0.5436417787985566	0.2886664804501779	1.19204012687899	1.8394465602146894	7.232320335316531
51	max				3.1461615445038453	0.2324081890800399	1.4290084168899873	0.4813702844704894		2.968626155355448	2.077402848204489	4.302774372789448
51	real	31.604543925000005		15.0	22.0	0.2308311803916832	1.4158988741153629	0.4788558566758258	0.4106916061717029	2.9568373329385698	2.08831109833742	4.332170369285301
51	zero				3.1514303000190274	0.2328611315123559	1.4269098784413032	0.4815841819249058		2.962950055248708	2.0764801617922157	4.294404967910836
52	max				7.675175074116599	0.1729863484456806	0.8586204412159738	0.2040116699201999		4.208682971674253	4.901680381279927	5.7808029881271805
52	zero				7.731458376486414	0.1744998996396931	0.8537914983754205	0.2044603513378458		4.175829165844648	4.890923807264821	5.73066232166779
52	real	45.8333031		25.0	388.0	0.157950507269514	0.9219938597309056	0.2155995750948297	0.0605676933897909	4.276417795931993	4.638228064967931	6.33109710938554
53	max				6.223779921721618	0.1336739221246716	0.5711320538330826	0.12789290277234		4.465705613467426	7.819042169838641	7.480890693603987
53	zero				6.248155508090284	0.133953000693696	0.5704396348351044	0.1282036798954098		4.449479416663205	7.8000881161586975	7.465304956375352
53	real	61.70162475		25.0	188.0	0.1375637662284649	0.5610734557865708	0.1289019804379041	0.117591641176865	4.352714007034643	7.757832708254855	7.269356076942582
54	zero				4.37388240161158	0.0866209818183044	0.2923489449835242	0.1458569543174176		2.004353829761912	6.8560323686985445	11.544547048630694
54	max				4.368981412446485	0.0865744754548753	0.292484763930957	0.1457313458807103		2.007013399645488	6.861941704831015	11.55074858664577
54	real	131.29173		23.0	17.0	0.0887150930546396	0.2840235478350419	0.1438108095894452	0.571322235379891	1.9749805222978694	6.95358021316218	11.272039126240902
55	zero				0.8533120270248169	0.256599804542407	2.2898137616061254	0.5439668770933079		4.209472778640064	1.838347226844968	3.897119102578018
55	real	18.8463288		20.0	4.0	0.2599024943443348	2.242600085634396	0.5056134603067169	0.8474586090916709	4.43540423997807	1.97779544752107	3.84759677864091
55	max				0.851662711888022	0.2570367913323327	2.287503545442583	0.5435193039829769		4.208688686270153	1.839861054928272	3.890493632512949
56	max				6.237279858093829	0.0512557921377108	0.1830115347289955	0.1180483211750289		1.5503103551777435	8.471107340165482	19.509990155127515
56	real	535.7817622499999		5.0	76.0	0.0520128939977701	0.1824615783230151	0.1180544706593125	0.062079593115824	1.5455711020853404	8.470666078253403	19.226001922578508
56	zero				6.240064160737716	0.0512391488933126	0.1832720864966918	0.1182446050050574		1.5499403671639234	8.457045460613013	19.516327292675083
57	real	48.885592500000016		30.0	107.0	0.1227919793751729	0.780403337014967	0.1925540167169267	0.219527252953044	4.052906038113121	5.193347908551282	8.143854387627766
57	zero				7.367461892093501	0.1273736792772477	0.7856209125701892	0.1951598053428742		4.025526215246732	5.124005930642894	7.850915555507758
57	max				7.328894803252222	0.1270925772647389	0.7866809759989235	0.1943471815215375		4.047812630160235	5.145430935355139	7.868280127146687
58	max				9.138601858762142	0.9353156094109698	0.3513658707615012	0.1941866737141027		1.8094231907942888	5.149683965812611	1.0691578221706
58	real	59.54130292500001		22.0	44.0	0.9136373886066594	0.351275637310924	0.1928966060516518	0.331334667592652	1.8210565986674911	5.1841243890638005	1.09452613528114
58	zero				9.146231278897517	0.9354007846291076	0.3513200992454095	0.1943179180153405		1.807965538297268	5.14620581680509	1.0690604673765656
59	max				1.2680907538124402	0.1874942068962687	1.7584691308837443	0.524569440541496		3.3522142065091205	1.9063253074135091	5.333498120041919
59	zero				1.2682146730776964	0.18761963213494	1.7573090329420125	0.5244172723696766		3.350974740021979	1.9068784586009435	5.329932633493167
59	real	31.109780625000003		12.0	7.0	0.1903061449480531	1.698200128591848	0.5084974514619977	0.63595888224514	3.33964334277251	1.9665781944921599	5.254691067768542
60	max				0.04787691418305262	0.1242909899957906	0.2694140267080387	0.1596057515440855		1.6879969806954134	6.265438371271882	8.045635488412044
60	real	194.574492		1.0	0.0	0.1230024780356669	0.2773905052899667	0.1630929288803739	0.880710646337615	1.7008125808656505	6.1314736749469025	8.129917510361304
60	zero				0.04787768209854029	0.1242916547103114	0.269411638111061	0.159608179115571		1.6879563416106782	6.265343076659675	8.04559246017535
61	zero				0.2170934105959255	0.067427965058545	0.8950013133144556	0.2123247296397488		4.215247629576656	4.709766976728048	14.83064184321355
61	max				0.2169275457290202	0.0674908862047526	0.8944125130721072	0.2122478537192592		4.214000270905679	4.711472848732325	14.816815369207292
61	real	66.25579822499999		3.0	1.0	0.070049978795936	0.8778072703073908	0.2102390319427957	0.7442083574994129	4.1752821167205285	4.756490698987292	14.275521808694906
62	zero				1.0697629870599241	0.1637378123485351	1.258631405293656	0.4002781130964695		3.1443922715562467	2.498263000852594	6.107324787455829
62	max				1.0689574112762725	0.163729427774665	1.2582070165252854	0.3999013254958124		3.146293688737625	2.500616867823989	6.107637543180473
62	real	53.303807925		3.0	19.0	0.1688781216486009	1.2178507935885243	0.3910850578661515	0.137429473566679	3.11403048797976	2.55698851154331	5.9214301428623495
63	real	166.12755825		57.0	746.0	0.021548245121064	0.4978410543960198	0.1049248859772539	0.070988426267417	4.7447376259617196	9.53062746445857	46.4074913934626
63	zero				26.62344404905537	0.0216021925900257	0.4907869137457281	0.1042392550102326		4.708273420579896	9.593314916744513	46.29159729192134
63	max				26.32551517448412	0.0218645466336329	0.4847514527486535	0.1032718620553403		4.693935435083853	9.683179717086244	45.73614156086639
64	max				11.368269901515061	0.0376340676171733	0.194677496689161	0.1840932201420143		1.057494113791815	5.432030572492423	26.57166932292154
64	zero				11.374917409330777	0.0376318649753746	0.1947167579764958	0.1842820989686936		1.0566232914981877	5.426463045495716	26.57322459714329
64	real	1997.703648600001		31.0	28.0	0.037711049563551	0.1981884029649394	0.1850816060110784	0.524067573402039	1.0708163130650403	5.403022059037802	26.517426896718717
65	real	13.469661		30.0	11.0	0.5433503868218993	1.8734368773331287	0.4508041590666495	0.7316640407464409	4.155766622055829	2.2182581502140803	1.8404330322631801
65	zero				1.9424556035990768	0.5754929510960467	1.819992027907576	0.4872688441544829		3.735088031465784	2.052255160567914	1.7376407445051492
65	max				1.9394588162411632	0.5757024846741882	1.8204952211251584	0.4865474341758706		3.7416603053487902	2.055298065015658	1.7370083100578206
66	real	108.14450682449998		16.0	8.0	0.051294469765019	0.4881489139098704	0.1626242302867467	0.669291842439362	3.00169853563115	6.149145168814961	19.495279015087203
66	zero				1.7141817320696147	0.0522770116878515	0.4852197146983398	0.166118497978052		2.920925246762393	6.019799192574702	19.12886692856596
66	max				1.7126373820573342	0.052129612979651	0.4860798348140735	0.1660214374605909		2.9278136742398457	6.023318526183544	19.182954617183768
67	zero				4.130245398457178	0.0861710945273177	0.4526088761496575	0.3566773472543865		1.2689588493178163	2.8036543607205537	11.60481952196839
67	max				4.128934517648536	0.0862072025331198	0.4520108546057525	0.356058444913236		1.2694849990593484	2.808527684952617	11.599958827289525
67	real	255.9646517700001		13.0	12.0	0.0864641179823152	0.4541774390016771	0.3533654138431573	0.526703751306	1.2852911496405408	2.8299317387180802	11.565491250422903
68	max				0.7749033046519044	0.0722598336416237	0.9948350638783986	0.24785173778242		4.013831304066659	4.034670117495256	13.838946889354188
68	zero				0.7753745785366236	0.0721470784430551	0.9969201393102568	0.248406009755968		4.013269003795934	4.0256674988756975	13.860575113783558
68	real	87.91339822500001		3.0	14.0	0.0722651853520478	0.9954866608963896	0.2507534118913975	0.177217400892237	3.9699825154424606	3.987981628872531	13.837922024670524
69	max				0.9479499667845926	0.0809037727391675	1.166588407878829	0.3118588279950592		3.740758007008579	3.206579100001758	12.36036301080772
69	zero				0.9488351951729873	0.0809821782483224	1.165623560077763	0.3119180609312376		3.736954367431531	3.205970173751658	12.348395926491577
69	real	88.29422572499999		5.0	9.0	0.0790918671694897	1.1637631287452352	0.3132835616540037	0.350636858130308	3.7147277137717087	3.1919963968758087	12.64352500184441
70	max				5.585746330771313	0.2843127611785941	1.3737400611492898	0.3817347430128454		3.5986770559761787	2.619620085160417	3.5172533088370206
70	zero				5.6087374747243235	0.2840850185499254	1.373295229930688	0.3833117383736403		3.5827111263470948	2.6088426204814814	3.520072987672382
70	real	20.505241125		47.0	33.0	0.2723032250249573	1.394753549636545	0.3867177336222568	0.584157405024765	3.6066449205014495	2.5858653820535498	3.6723766305314505
71	real	64.88217825		19.0	22.0	0.130677354911263	0.4572430631637733	0.1214811255517723	0.4615968161577801	3.7639020966175307	8.231731435298764	7.6524352721942845
71	max				2.8962566069417544	0.1324393710701783	0.453950182313404	0.1266921591216244		3.583096108399353	7.8931482968886835	7.550624802273562
71	zero				2.9000962864780075	0.1324773068362816	0.4537500815662338	0.1268106880716185		3.578169068130681	7.885770633428253	7.548462630175766
72	real	881.096938575		35.0	75.0	0.0680449762875318	0.2393875782371885	0.2166240397106476	0.319331660323189	1.1050831595465904	4.616292823897733	14.696162076306502
72	max				24.795131614443694	0.0681032696694829	0.2395685312070348	0.2186001711448103		1.095921059679016	4.574561834800926	14.683582812589988
72	zero				24.81086017925453	0.0680739686838993	0.2400563631503433	0.2191958328773123		1.095168461914634	4.562130524441663	14.68990304713228
73	max				1.4943769726708047	0.0443567536919095	0.3265908738586744	0.1351684496244845		2.41617681319854	7.398176148192344	22.544481206756902
73	real	182.21433030000003		17.0	6.0	0.0455061483669881	0.3181958264971586	0.1377513006333733	0.7415413138540641	2.3099297431974204	7.259459586966164	21.9750525123642
73	zero				1.4952245121488865	0.0443763840783601	0.326485755523065	0.1352260171151259		2.414370862118258	7.395026647487816	22.534508405060496
74	zero				6.1861233935399715	0.1550618221157614	1.147334764369098	0.3279156449114479		3.498871682926047	3.049564775325207	6.449040688129214
74	max				6.168633565210583	0.1547369029675102	1.1489953661595869	0.3273312539738616		3.5101914412711035	3.055009223408447	6.462582492102534
74	real	41.1030423		28.0	57.0	0.157301310817146	1.1300656775237978	0.3226588412987172	0.3280034656980399	3.5023546014584	3.0992487172362995	6.357226108321782
75	zero				1.6423544933415024	0.0592619807585897	0.4933139594058041	0.125140282918095		3.942087614814493	7.991031957747013	16.874225046132217
75	max				1.6411629169655886	0.0592571447778353	0.4934378774942374	0.1250617806922931		3.945552948013041	7.996047988957067	16.875602153110197
75	real	95.615193		16.0	10.0	0.057797307219151	0.5084298586916725	0.1276256694048513	0.605017677164895	3.9837586048527798	7.8354143383790795	17.301844118935914
76	zero				3.5614078480010116	0.1746959003455004	1.3083593740515456	0.4508468895110404		2.902003772213019	2.218047907759851	5.724232784068059
76	max				3.557319612172268	0.1745749689129533	1.309489956305569	0.4505139716676358		2.9066578145364117	2.219686986173526	5.728198070014384
76	real	35.989966800000005		37.0	16.0	0.172658774079946	1.3058667507996935	0.4428951181050823	0.691824159284543	2.94847853908803	2.2578709024350494	5.79177053311505
77	real	19.285031775		4.0	7.0	0.3034594898795306	3.2322798643299904	0.8874256126725684	0.362849399126009	3.6423107674294704	1.1268550126566699	3.295332765493631
77	zero				0.8388074463228812	0.3153417880953537	3.232229124800221	0.9422314520345328		3.430398250685608	1.0613103583421348	3.171162331640036
77	max				0.8386657923839433	0.315241434636653	3.233054359746573	0.9422363332126172		3.431256305648138	1.0613048603108242	3.172171834430962
78	real	114.39476257500002		61.0	6.0	0.024982913692043	0.4912263757093617	0.102677101451034	0.90701115427255	4.784186237898663	9.739269865120736	40.0273567897926
78	zero				5.220851148546416	0.0252798748071028	0.4889969394125463	0.1040146720790831		4.701230409501829	9.614028290544365	39.55715792227854
78	max				4.899048238082456	0.0260094722313187	0.4794159413721198	0.1037569163963714		4.620568517482329	9.637911714529055	38.447531388040645
79	zero				10.887281991273369	0.1341440327761075	0.2259745250126336	0.2025040424612527		1.115901303826425	4.938173025317954	7.454673751079524
79	max				10.88452508857733	0.1341239037717208	0.2260017288875232	0.2024873300143		1.1161277541244807	4.938580601212818	7.455792531225472
79	real	611.384793		9.0	42.0	0.134229506695925	0.2239345528162022	0.2015787028960146	0.176087602239528	1.1109038286238004	4.960841525584452	7.449926805328551
80	max				5.8126803698176195	0.0490675339992026	0.8653068884708204	0.202891944943733		4.264865658963403	4.928731893606348	20.38007453189416
80	zero				6.018556572740953	0.0480081642107363	0.8781376647008148	0.2031986074449226		4.321573241779403	4.921293568761546	20.829790441692488
80	real	60.59316435		49.0	14.0	0.046531673853296	0.8961836333111869	0.2076904402806761	0.7823454687341759	4.314997031640313	4.814858106365341	21.49073775322971
81	zero				0.14829838337502466	0.0344815503448534	0.3958131438013811	0.1193107459251975		3.3174978559729915	8.38147471332511	29.00101619558577
81	max				0.1482623743967327	0.0344865627353479	0.3957159343580996	0.1192527142281174		3.318297087990284	8.385553372706545	28.996801092473696
81	real	211.69477290000003		1.0	1.0	0.033155856723351	0.4110645586075261	0.1178803215896562	0.504524531724421	3.4871346893542605	8.483180114497994	30.160583945813716
82	real	92.94668775		15.0	2.0	0.0384782285426619	0.7315427809163592	0.1598195275157893	0.903842773768335	4.57730536616739	6.25705766713148	25.98872239898653
82	zero				0.755079955615915	0.0389025752043312	0.7400406718360824	0.1594911397367235		4.6400111821740575	6.269940773203627	25.70523917112472
82	max				0.7480077084263964	0.0390820127851009	0.7376137587774221	0.1596111107201153		4.621318374701734	6.265228000032787	25.587218485871475
83	real	90.9397155		12.0	7.0	0.0643033340462028	0.8110338513184452	0.2074262226993762	0.6175750552243111	3.909987082461991	4.82099122756193	15.55129317682792
83	zero				1.1899494517687805	0.0639668523626914	0.8152098281787873	0.2120899063695253		3.843699316640005	4.714981571342178	15.633096878520906
83	max				1.1896213501061497	0.0640410323157311	0.81453983093529	0.2119448718495789		3.843168385377984	4.718208047561149	15.614988763295733
84	real	111.2147403		8.0	1.0	0.06045999398739	0.4359138086073676	0.1269856997489026	0.887936182248978	3.432778726024501	7.874902465217482	16.53986271001892
84	zero				0.23033616190998932	0.0590118294141675	0.4406704351107585	0.1300452287465238		3.3885936405224557	7.689632365898935	16.94575494315925
84	max				0.23021235489893913	0.0590347925133387	0.4406045257868253	0.1299607821019702		3.39028835207468	7.69462897826651	16.939163456432116
85	zero				0.6387506274590959	0.2068682270253111	0.5637660493106611	0.1506017294573464		3.7434234742326216	6.640029989052821	4.833995120370254
85	max				0.638401609251954	0.2068080746899548	0.5639612873024915	0.1505552607422998		3.745875664004888	6.642079426979738	4.835401139434198
85	real	51.86061772500001		15.0	3.0	0.209725946391481	0.5660064406372672	0.1460625973459047	0.8128307659723	3.8750949998297894	6.846379690426873	4.7681272498986305
86	real	310.47308250000003		11.0	62.0	0.0763186006489821	0.3629239811162457	0.2491962288251991	0.1507029058456359	1.4563783040666396	4.01290181923844	13.102965613840006
86	zero				10.594081222464343	0.076660813942025	0.367158588588909	0.255806207054004		1.4352997639005571	3.909209285875096	13.044474074541563
86	max				10.589693722323844	0.0766619600214806	0.3669229271054675	0.2555662583708497		1.435725237926476	3.9128796045873537	13.044279062520712
87	zero				12.293447830295191	0.037935622889	0.1338179164435832	0.109413676550827		1.2230456069303128	9.13962524178099	26.3604476174283
87	max				12.291921191052053	0.0379365810226135	0.1337491430215442	0.1093484416042917		1.223146311545558	9.14507774714141	26.35978185287469
87	real	1041.4729537500002		9.0	63.0	0.03883141767375	0.1299655614952804	0.1073011420252733	0.124218461890226	1.2112225372649699	9.31956530121985	25.752343331930398
88	zero				2.7521200202440896	0.4977975183983485	1.9567224873900468	0.4819557761672779		4.059962727183716	2.0748791682764653	2.008848905509766
88	real	17.435243925		14.0	35.0	0.495193724738466	1.9533979523420488	0.4558824400888929	0.287064654218774	4.28487210861018	2.19354796777215	2.01941169696394
88	max				2.747660003971009	0.4969743389467314	1.9589200232051789	0.4817075698207601		4.06661664863203	2.0759482778568183	2.0121763270903728
89	real	76.25613075000003		4.0	1.0	0.057575837150027	0.9349368955130328	0.1972089319116932	0.7978862096114008	4.740844577626341	5.070764241285902	17.368397048127523
89	zero				0.22140727524717482	0.0572211335595639	0.93672995110662	0.1948415677124667		4.807649425655305	5.132375045738333	17.476060640411067
89	max				0.22139062138117735	0.0572031883525701	0.9371033602034446	0.1947600456211412		4.811579075239865	5.134523340301836	17.4815430537985
90	zero				0.8170719169296047	0.2891270823263713	1.43267919852869	0.3543529860435449		4.043084875691252	2.822044795403853	3.458686719880443
90	max				0.8162727022032337	0.2888714810196894	1.4337242614194514	0.3541893971619522		4.047902825176567	2.82334820864994	3.461747059523124
90	real	25.717480845000004		8.0	6.0	0.278932640751573	1.4520394609171634	0.349280254406877	0.575876588981556	4.157233174783711	2.8630304386892105	3.5850949437310007
91	zero				9.483117840390335	0.0248848519215065	0.1461484508831098	0.1143242191569555		1.278368240437863	8.747052963704059	40.18508943329326
91	max				9.476151449897698	0.0248660045410127	0.1463155208249617	0.1143409438618926		1.2796424087743208	8.74577352805357	40.21554803268245
91	real	776.8443270000001		35.0	26.0	0.0248434199021979	0.1558450564625621	0.1201106564870125	0.5723858711868559	1.29751231922884	8.325655934684942	40.25210715500283
92	zero				23.123675289374386	0.0331398087301642	0.4972507004751198	0.149557522216705		3.324812373894616	6.686390528394991	30.175189245729964
92	max				23.002783422008438	0.0330319333892451	0.4967600502644187	0.1486530367148403		3.341741690870053	6.72707414594086	30.27373506164766
92	real	184.37817825		44.0	1758.0	0.0331802610109209	0.4874823927574786	0.1446524120539002	0.024412580832833	3.3700260219361815	6.913123575342672	30.138400649436168
93	zero				6.640862600627369	0.0292857636431927	0.3259433699477815	0.1053576908281476		3.0936836920565995	9.491476057795651	34.14628391404235
93	real	227.08750725		19.0	89.0	0.028589017557059	0.3371102327221689	0.1086581257724258	0.176422734291013	3.102485252029972	9.203177331573027	34.97846674878434
93	max				6.623029522287966	0.0291651432945845	0.3270093385626728	0.1053763768670377		3.103250920984767	9.489792966233638	34.287505118676485
94	zero				4.885069194087951	0.0952957931704645	1.1916616501642965	0.2570742286927987		4.635476905731848	3.889927065365197	10.49364265441609
94	max				4.769724370145606	0.0969490693363073	1.1779200178449225	0.2561398607244994		4.598737636981373	3.904117059997884	10.314694167213636
94	real	35.2804365		46.0	16.0	0.0930045871363463	1.1947246443977175	0.2589623324117321	0.7397061400763271	4.613507428942169	3.861565466633462	10.752157832107605
95	real	285.147133275		1.0	0.0	0.020781772747787	0.4360822781589954	0.103152033280905	0.7234656189874109	4.2275684180790725	9.694428390730666	48.11909032671371
95	max				0.0617875670987307	0.0197750669235811	0.4561578187352665	0.1025965326822825		4.446132893670788	9.74691808637204	50.56872898910547
95	zero				0.061802825974952756	0.0197538274427439	0.4566203633720455	0.1026664138331054		4.447611894911688	9.740283727311258	50.62310091036682
96	real	35.77413119250001		6.0	16.0	0.2913660436934683	1.297856679776292	0.4434790806724005	0.278416699249097	2.9265341621266305	2.2548977924365805	3.4321089284242405
96	max				1.7509772885613104	0.2830749616568432	1.3203657024613895	0.4638538708255471		2.846512200300193	2.1558513637500605	3.5326331730188376
96	zero				1.7528089604712576	0.2835188482043279	1.3187248757003691	0.4637325077832381		2.843718854225288	2.1564155697866854	3.527102364916898
97	real	227.1429693		3.0	3.0	0.0391474175337959	0.3230127031716749	0.1515333977863592	0.480294746543074	2.13162713890358	6.5992052881296805	25.54446916291992
97	zero				0.6872490381933603	0.0381571764141759	0.3316729693932112	0.1500595677091498		2.2102753890113176	6.664020263861026	26.207389906043627
97	max				0.6864486473859319	0.0381166974927008	0.3318963548344049	0.1499651487937684		2.2131565734037824	6.668215969132912	26.23522145882381
98	zero				15.111557029259906	0.0228727406047645	0.1186120854583413	0.1055483560883943		1.1237700884607469	9.474330411764276	43.720165295438726
98	real	1992.3855224999995		22.0	46.0	0.022910359183603	0.1211099935046648	0.1075165976676128	0.321543966095811	1.1264306733280003	9.300889552806504	43.6483772247317
98	max				15.106382550592327	0.0228786992754968	0.1186213395416276	0.105517721759744		1.1241840476021605	9.477081037410237	43.70877854367368
99	real	187.62042		11.0	1.0	0.1055747828789099	0.1896098780028855	0.1228432331238745	0.894496690411466	1.5435109706994103	8.140456536108953	9.471958859218876
99	max				0.5004990076661725	0.1096303157238298	0.1858376553311893	0.1248014910330279		1.4890659862549922	8.012724781752457	9.121564536210077
99	zero				0.5005618940528518	0.1096321973057955	0.1858246305119993	0.1248175910708433		1.4887695629899624	8.011691232147115	9.121407985746323
