	type	T	sampled_tips	observed_trees	unobserved_trees	mu	lambda	psi	p	R_naught	infectious_time	incubation_period
0	real	0.00-33.04		14	49	0.7299648936648243	1.4210610634344352	0.6069550954814479	0.447322979907068	2.34129521938888	1.6475683414549502	1.3699288947711599
0	max				3.3237228836674673	0.6801956209844758	1.4838634761878895	0.6376416734675249		2.3271118214695274	1.5682789278215676	1.4701653012006426
0	median				3.327644477628083	0.6802136298195697	1.483832755847698	0.637638164080756		2.327076450931774	1.5682875592016028	1.4701263781868872
0	zero				3.3262468536159737	0.6803978049435512	1.4834979491654747	0.6379909982511834		2.3252647031571545	1.5674202343624448	1.469728433475714
0	min				9.473953092941311	0.6811152498732402	1.482857855450439	0.6378446195987744		2.324794800939461	1.5677799408718591	1.4681803119018495
0	mean				3.3282601438611366	0.6802157104058026	1.4838294702443613	0.6376377173525838		2.3270729285041227	1.5682886579418682	1.4701218814887715
1	zero				6.491050419716991	0.244737581140588	0.91878078484615	0.2640270179210145		3.479874113190225	3.787491173722065	4.086009166796317
1	median				7.394511590765285	0.244921591261597	0.9191826825531728	0.2632264217640865		3.491984871400863	3.799010727335867	4.08293933927579
1	max				6.461254204447342	0.2440125917682054	0.921390569908604	0.2634175544424881		3.4978328299292243	3.7962542098473913	4.098149168260664
1	min				703.7288433673808	0.2448440356957679	0.9184253571832506	0.2642355595322922		3.4757825888722214	3.78450198667447	4.084232630614513
1	mean				7.68142383157587	0.2451463244115035	0.9187205858312372	0.2631926651967077		3.490677010868042	3.799497980890194	4.079196383631664
1	real	0.00-41.92		65	182	0.2523725112488919	0.907081384137969	0.2692907505391973	0.6225767763228239	3.3684089866500497	3.71345840136623	3.9623966772426797
2	zero				0.4254842741000425	0.0304509166366525	0.5032133801891564	0.1299781566010912		3.871522672332865	7.693600418330632	32.83973392105839
2	median				1.343358147747492	0.0307703079230467	0.4995969207771071	0.1299663470629732		3.844048340721886	7.69429950597492	32.49886229611008
2	max				0.4147369174959762	0.0306369453443885	0.5011072063871359	0.1299933268823211		3.854868695227506	7.692702571611761	32.64032979655915
2	mean				2.1350307398606203	0.0308217751533209	0.49902694086106	0.1299660011013147		3.83967296548614	7.69431998773627	32.44459460967333
2	real	0.00-157.12		32	193	0.030297118608495	0.4991666375631278	0.1276765447281153	0.997036566631611	3.9096189407858226	7.832292157729365	33.00643909152504
2	min				65.46351019057386	0.0306268762072785	0.5012172618467259	0.1300475412389183		3.85410794446247	7.689495629623926	32.651060892796785
3	mean				0.0756190159265808	0.1198721199085318	1.71755611621953	0.4337231906460457		3.9600283158969902	2.30561801067281	8.342223369062362
3	max				0.07377841168883971	0.1198687495439192	1.717595104859606	0.4337260255979133		3.960092324392602	2.305602940523224	8.342457928399476
3	zero				0.07373234400937315	0.1197895233261547	1.7184875932098658	0.4336155644685839		3.9631593836257983	2.306190279921217	8.347975450885365
3	min				0.08681348432494043	0.1198993200471474	1.7171929073753365	0.4336667577358501		3.959706103231672	2.305918039973698	8.340330867654417
3	median				0.0756190159265808	0.1198721199085318	1.71755611621953	0.4337231906460457		3.9600283158969902	2.30561801067281	8.342223369062362
3	real	0.00-76.15		2	6	0.120403752385062	1.6863982922081189	0.4226364125557624	0.8293398478248979	3.9901869363554106	2.3660999627382098	8.305388994870444
4	real	0.00-251.36		158	754	0.046772137207395	0.2622941833873121	0.1425560999861663	0.6549452351128721	1.83993658224913	7.014782251317484	21.38025028802603
4	mean				25.57569700263453	0.0473584447806304	0.2563867718571417	0.1426506757839867		1.7973049931104663	7.010131529375165	21.11555826277893
4	min				1526.0873469566752	0.0475243949849841	0.2554627790537723	0.1432579586691162		1.7832362084944706	6.980414975126836	21.04182494729204
4	max				24.67007161681445	0.0472606679047424	0.2567122710167007	0.1427524828838872		1.798303369795023	7.005132098566617	21.15924391960729
4	median				25.53474103819779	0.0473963769941723	0.256319459811581	0.1427072614964565		1.796120653733836	7.007351900063124	21.09865908364589
4	zero				24.821912059807776	0.0474284843371583	0.2557249192867328	0.1433330142090067		1.7841313161379369	6.976759719444747	21.08437606589377
5	min				653265.9397039731	0.5010500571864946	0.1297637307170381	0.2391966524931825		0.5424981050716695	4.180660513334323	1.9958085737285771
5	real	0.00-98.76		4055	7727	0.9240026020199156	0.2873148575232718	0.2058475154582213	0.4271495730639	1.3957654863295401	4.857964876447388	1.0822480345985501
5	mean				2800.252588648688	0.5206277493233484	0.1541077726715833	0.2265135410556797		0.6803468435191776	4.414747106682633	1.9207581641579496
5	zero				3173.1128956654084	0.4972873112416483	0.1299743005631635	0.2391395407960872		0.5435081966390148	4.18165894553044	2.010909945607012
5	median				2799.6524074138174	0.5174789229864283	0.154481676697334	0.2269811386229306		0.6805925709711264	4.405652408243649	1.9324458554348245
5	max				2799.3497510835036	0.5258018446101022	0.1534995184373792	0.2255279349346163		0.6806230832640794	4.434040511610742	1.901857154460023
6	real	0.00-49.92		15	72	0.4975835768756962	0.6147459861167709	0.1343323107256829	0.032288791520142	4.5763076864815515	7.444225403388454	2.00971263215509
6	mean				4.364972102377782	0.3878057648892577	0.6981362006652708	0.1585109975380716		4.40433920364163	6.308710534484001	2.5786104553797986
6	min				66.46381928885343	0.3866695586918175	0.699895728819857	0.1596455003680053		4.384061731815169	6.263878391153268	2.586187553484182
6	max				4.176580163212036	0.3870414961468718	0.6989204202062524	0.1586595551605585		4.405158072572225	6.302803502682403	2.583702290207474
6	median				4.230047380960018	0.3862606779798004	0.6997212961033652	0.158774529473305		4.4070122482775815	6.298239417350195	2.588925192256549
6	zero				4.181797607071185	0.381381892511872	0.7050954505859203	0.1602104224623529		4.401058556297154	6.241791168330419	2.622043730009733
7	mean				1.3921415160289639	0.0494522742128667	0.651576396802637	0.2189556447377872		2.975837401145513	4.56713505238726	20.221516925500985
7	min				2.7421795586885596	0.0494625127993451	0.6515607702724756	0.219004204518886		2.975106216357082	4.566122381973557	20.21733113432199
7	max				1.310537691028789	0.0494440807604475	0.6517862780266359	0.2190575487756281		2.975411172404903	4.565010453140147	20.224867863251774
7	median				1.343108415775701	0.0493978842691518	0.6520199869210468	0.218894596571059		2.9786938423095504	4.5684087943001055	20.24378199178225
7	zero				1.310290630649254	0.04944844366514	0.6513643333110827	0.218879061190224		2.975909754770892	4.568733046286768	20.223083395139827
7	real	0.00-193.46		5	33	0.0509387700428008	0.6308707935278659	0.2150041801769944	0.315735053639742	2.9342257113723296	4.65107236136891	19.631412363505437
8	median				0.3202969984000201	0.051725487596505	0.4212577752745354	0.2067127654139051		2.037889505425765	4.837630603014185	19.332828871536204
8	mean				0.3070977751936074	0.0517051562363637	0.421416443529571	0.2068165675381361		2.0376338730786814	4.835202575420386	19.34043087363713
8	real	0.00-259.54		28	176	0.054506245629029	0.4189545259980157	0.2118551247988796	0.969111940083884	1.977552001141071	4.7202067967406025	18.346521365753706
8	zero				0.28981627443993513	0.0516897365101927	0.4214470855218576	0.2069344132797087		2.036621549999017	4.8324490071563	19.34620037776377
8	min				87.16567188126834	0.0518141095477135	0.4208506711507802	0.2067687831210849		2.0353685154897287	4.836319994272998	19.299762337498837
8	max				0.28981659639451873	0.0517022374728404	0.4213504311666283	0.2068871620086483		2.0366195131480174	4.833552697475728	19.341522705382072
9	mean				95.20742805852252	0.0353248999248469	0.1918856373148557	0.1624902853120388		1.180905288869223	6.154214069349721	28.30864353833926
9	real	0.00-840.43		250	1971	0.040174735893102	0.1952277932119866	0.1653904539507312	0.488340826384015	1.1804054499429801	6.046298175696971	24.89126506421415
9	min				2117.685459931666	0.0354369225792423	0.1913404917847371	0.1633451524494815		1.1713876348054704	6.122005979389406	28.21915468996631
9	max				95.20708517975771	0.0353247078603047	0.1918859664367775	0.1624930644056228		1.1808871174820283	6.154108814784568	28.30879745572435
9	median				95.20778259978474	0.0353249198262262	0.1918856844070661	0.1624902689126472		1.180905697868107	6.154214690466094	28.30862758979488
9	zero				95.71573414240318	0.0353670991046969	0.1912340822176176	0.1630641380073614		1.1727537676554272	6.132556258046485	28.27486633946727
10	zero				13.05344673290672	0.0754813115621238	0.2560475986568341	0.1127483044647831		2.270966289668776	8.869312977671862	13.248312453831218
10	median				13.244339271346846	0.075349645733353	0.2561586143320581	0.1125334051918252		2.2762895506041807	8.886250249829306	13.271462530013672
10	min				31.96141376612608	0.0756859175555315	0.2555173938234987	0.1125333051137448		2.2705935239814603	8.886258152546345	13.2124975464067
10	max				13.009226609282202	0.0753248204767226	0.2562408460178275	0.1125664461078942		2.276351922598874	8.883641925068032	13.275836486182213
10	real	0.00-225.66		22	214	0.0818265224793332	0.2376218173182294	0.1047980768032791	0.097229373886524	2.2674253628172907	9.542159842085102	12.220976398606803
10	mean				13.312408536037594	0.0751906165183346	0.256657268612907	0.1127166699217964		2.2770125198959263	8.871802198324408	13.299531860550143
11	real	0.00-62.25		35	58	0.1769383037796349	0.5313673599444807	0.1162934665687773	0.9794623100045532	4.569193572282273	8.598935344390894	5.651687501454941
11	mean				0.4760638159766271	0.1517484755528323	0.5810713381412597	0.1178695790944284		4.92978207443795	8.483953261586464	6.589852032166495
11	min				32.778717773624706	0.1520033122521704	0.580296517217023	0.1181405483147994		4.911916573052925	8.464494318541522	6.578804008829885
11	max				0.12745123607527065	0.1508742820634058	0.583155922294095	0.117984519052181		4.9426477895475625	8.475688234638053	6.6280348534135465
11	median				0.45874153159987596	0.1517302333300925	0.581154423844816	0.1178737698847603		4.9303116750485145	8.483651629854997	6.590644316907344
11	zero				0.1274708456485971	0.1507723265768278	0.5834154412851847	0.1180227385307137		4.94324609433935	8.472943539941369	6.6325168729849
12	real	0.00-21.32		260	310	1.0078753755368204	1.251481111615416	0.5541087076859079	0.859900914773923	2.258547996550901	1.8047000275022604	0.992186161376722
12	median				12.80032248392907	0.6846459263244961	1.3387981857465012	0.6212172761728222		2.155120659223342	1.609742739546414	1.460608997366674
12	mean				12.824328406803799	0.6847723123192764	1.3387248261536226	0.6207517667346147		2.156618632268762	1.6109499055643	1.4603394179491125
12	max				12.481263081529514	0.6828779226526741	1.3405583486579316	0.6213560908337008		2.157471968866106	1.6093831134064462	1.4643905840672795
12	zero				12.592836921726954	0.6847607075186598	1.333512179254518	0.6256980235868425		2.1312392383950627	1.598215053113728	1.4603641666643816
12	min				1129.6334033109315	0.6896952110236582	1.3279822136617367	0.6292810800413264		2.110316448056129	1.589114994422409	1.449915823709696
13	mean				0.4174390748199886	0.0567508438882966	0.3391806708692327	0.105691939943854		3.2091441509107828	9.461459412432236	17.620883347009116
13	max				0.3175650364299839	0.056720276057764	0.3394079932739029	0.1057223899264075		3.210370040917179	9.458734339018363	17.630379636756324
13	median				0.9015555965339865	0.0567704052521462	0.3391371223097881	0.1057197950536362		3.207886679478796	9.458966501899257	17.614811723793256
13	zero				0.3176300350802285	0.0567217686304403	0.3393063062811674	0.1057173191280928		3.209562151969117	9.459188033214748	17.629915712172266
13	real	0.00-221.79		7	31	0.0554118989833059	0.3459652947103291	0.1055188323559483	0.82375001633051	3.278706625024802	9.476981290189837	18.046665397648127
13	min				2.7803150733545396	0.056791081008292	0.3390620450043218	0.1057252525819098		3.207010971590123	9.458478230877317	17.60839875286035
14	real	0.00-146.83		46	914	0.164552752962364	0.2933530217922129	0.1234027896112856	0.014676794147326	2.377199273341101	8.103544523993051	6.077078517359822
14	mean				33.33341625888027	0.1295418339424847	0.3429737647815634	0.1379689371563073		2.485876689714603	7.248008288032857	7.719513994560168
14	min				461.9107195506688	0.1296029088864708	0.3443737591222813	0.1392955265205124		2.4722528262353745	7.178981443117212	7.715876199013228
14	max				29.739407042287482	0.1277810020704498	0.3466706121630603	0.1391343192654839		2.491625459435166	7.187299332610294	7.825889481197426
14	median				33.802792149628296	0.1284899107047526	0.3452260540966234	0.1386817963991199		2.4893393585923747	7.210751706172348	7.782712234097704
14	zero				30.096752241276228	0.128326307736368	0.3474040031757979	0.1404595104344907		2.4733391288432878	7.119489430844859	7.792634399287694
15	zero				16.937497075168324	0.1389244805397451	1.156779890964198	0.3060720003971257		3.7794371568235134	3.267205097828318	7.198155401516209
15	median				27.99801174626417	0.1400844871538568	1.146332415071375	0.3031496660790531		3.781407480661525	3.2987006482112613	7.138549173554707
15	max				16.725578546703627	0.1377613404062579	1.1598165652116188	0.3035397659975564		3.820970742993047	3.294461260169945	7.258930531969287
15	min				538.5052568342521	0.1394884311852811	1.15356717025695	0.3060255483076678		3.7695126326420048	3.267701031923758	7.169053315050262
15	mean				27.043982262587537	0.1400141765078876	1.1469032651611906	0.3031864749418131		3.782831227485664	3.298300163923598	7.142133924871998
15	real	0.00-62.20		46	745	0.1390087963499249	1.152667875605596	0.2992340417689021	0.025057708098227	3.85206131224802	3.3418657653005206	7.193789359075622
16	mean				1.558113449003687	0.1379592977790243	2.206224236625322	0.5696446599409151		3.872983267944893	1.75548033769635	7.248514714838181
16	min				10.062164905035745	0.1379704213488215	2.2077034816602468	0.5738233278454985		3.8473574958156274	1.742696665460853	7.247930318859907
16	max				1.1621417997217545	0.1372281550728978	2.216999831524726	0.5722947526024262		3.8738776154127663	1.747351335046577	7.287134330916157
16	median				1.488649490205115	0.1377514840734217	2.2087453868196576	0.569783020119237		3.8764675478701336	1.755054055122128	7.259449919733706
16	zero				1.1793375192999065	0.1381752934624242	2.1867455534397315	0.5720154786106888		3.822878287753505	1.7482044409511437	7.2371838332439875
16	real	0.00-51.23		4	67	0.1354283063545529	2.229957450884843	0.558194370222384	0.129623054853193	3.9949479425892997	1.7914906587137398	7.383980697373473
17	max				13.40476093756416	0.0447107026030082	0.1750800460510968	0.1056375810699791		1.6573651562043603	9.46632808013234	22.36600951855133
17	mean				13.620720393237917	0.0447407522012826	0.1749934070165449	0.1056235084777526		1.656765710006722	9.46758931237953	22.350987652177484
17	median				13.615963794432691	0.0447402977283049	0.1749942086631102	0.1056235583078403		1.6567725180502706	9.467584845849403	22.35121469402628
17	min				420.39061214749927	0.0448968782090401	0.1745105966164548	0.1059062120158499		1.647784330066848	9.442316753339645	22.273263529459506
17	zero				13.447567738805745	0.0447827725615121	0.1746808714064089	0.1058719504763514		1.649925883300198	9.445372409790162	22.330015378713604
17	real	0.00-319.65		125	529	0.0458908304993859	0.1780435041793792	0.1062917469608581	0.758180898887686	1.6750454223406797	9.408068157617635	21.790845559297118
18	zero				2.138385635277591	0.1123512984059796	1.1777262118692453	0.353967464580005		3.3272160006758225	2.825118407948977	8.900653701272908
18	median				4.505869664722131	0.1128482603691011	1.1746441351220327	0.353336059237066		3.3244388859103715	2.830166845012169	8.861456939869749
18	min				20.218229881111128	0.1129925407164245	1.1733539228332843	0.3537720311465103		3.316694988664477	2.826679081325856	8.85014173200763
18	real	0.00-60.41		21	138	0.114416769959509	1.1752395018773178	0.3508021480942052	0.638127425862025	3.3501491033108395	2.850609682502451	8.739977543098712
18	max				2.1351166122738223	0.1122863804416262	1.178508060108235	0.3535403258478568		3.3334473437561862	2.828531646571887	8.905799581988177
18	mean				3.6174925595308154	0.1126997989865161	1.1756609078530778	0.3532876760592712		3.327772202435492	2.830554439810772	8.873130289430636
19	real	0.00-86.68		13	53	0.0632796277062431	0.7341348163315163	0.1674935987226959	0.5576676637930279	4.383061931500782	5.970377421143182	15.802874262190723
19	mean				2.6091506447932766	0.061019125493608	0.7635109341414995	0.1757518869298914		4.344254548152129	5.689839338105694	16.388304353931666
19	min				35.33893317930673	0.0608962656727417	0.7647656905158068	0.175816989028236		4.349782661748269	5.6877324855074205	16.421368189866158
19	max				1.45649601095577	0.0607874113322849	0.7658097490097122	0.175836963570649		4.3552261905502	5.687086376455839	16.450774561424478
19	median				2.94901365082295	0.0608929211111754	0.7649204840113731	0.1758626719190893		4.349532937628155	5.686255014140116	16.422270138334262
19	zero				1.4569164426363617	0.0607397895195489	0.7661340951978391	0.1758806404242252		4.35598877369288	5.685674088904802	16.463672461001078
20	median				9.159853556615985	0.0493439298357307	0.4700440901736013	0.210426530118746		2.2337681940977228	4.752252481831492	20.26591727349376
20	max				8.255505994505507	0.0492305691546181	0.4706187342704271	0.2104929754492815		2.2357930627657607	4.750752360574384	20.312582551286518
20	zero				8.282387389894957	0.0493404061862238	0.4698544420335251	0.2109580154606339		2.2272414774455576	4.740279708341332	20.267364565782746
20	mean				8.851733853529213	0.0493132017003831	0.470313797412192	0.2105489121089137		2.2337507836131967	4.749490225258041	20.27854541012756
20	real	0.00-220.28		52	365	0.0496271699862989	0.4778842627671259	0.213452735658054	0.5988352752009151	2.23882941248729	4.684877881359062	20.150252377398925
20	min				262.900505208081	0.049433390270778	0.4693773981464657	0.2109449960703273		2.225117480340605	4.740572275374611	20.229241703277182
21	zero				9.578154996416572	0.031567199628602	0.5157577297396407	0.1085176933545189		4.75275242033297	9.2150871354506	31.678451423164315
21	median				16.369604399146027	0.0321022698875853	0.5088217236796881	0.1078623661165135		4.717323956439597	9.271074203209986	31.15044523336716
21	max				9.530147069752614	0.0317353157530298	0.5130934289448728	0.1078487841747232		4.75752631678835	9.272241756382934	31.510636534458563
21	min				841.1720388540234	0.0317397446289273	0.5133323828868235	0.1084291189116137		4.734266846761595	9.22261482927988	31.50623962766881
21	mean				17.336430522542916	0.0321860103097376	0.5079667751834098	0.1078895646328084		4.708210445674011	9.268737003466484	31.069399107768835
21	real	0.00-147.83		41	325	0.0294704721375339	0.5649532010334002	0.1165741065971485	0.230756691362523	4.846300928436362	8.578234302543313	33.93226940285051
22	real	0.00-453.97		4582	10687	0.6634482255057563	0.1900801378953291	0.1648242516504737	0.360060548741338	1.153229188010591	6.0670683469602515	1.5072766216801399
22	mean				4461.801050000969	0.5027863687380847	0.1108329527581755	0.1889918886092934		0.5864429080726457	5.291232377000684	1.9889162916445884
22	max				4461.801050045971	0.5027863687380847	0.1108329527581755	0.1889918886092934		0.5864429080726457	5.291232377000684	1.9889162916445884
22	median				4461.801050005361	0.5027863687380847	0.1108329527581755	0.1889918886092934		0.5864429080726457	5.291232377000684	1.9889162916445884
22	zero				5132.553511878027	0.4647085872671946	0.087017021054336	0.194299434936925		0.4478500983936686	5.146695358762251	2.1518862086898074
22	min				56566.872518908145	0.4902396307861349	0.0883228322390683	0.1987582332821743		0.4443732004483943	5.031238120235824	2.0398187686222493
23	mean				0.34822314822750783	0.0316608154105976	0.4679477228489572	0.1149238138467215		4.07180815869092	8.701416760617949	31.584783494403453
23	min				0.3630721113017652	0.03168153896622	0.4677458912923435	0.114933065216325		4.069724325301515	8.700716352755554	31.56412322855389
23	max				0.3406863831192981	0.0316323289924806	0.4683231795649263	0.1149830818459602		4.072974667632638	8.696931617641571	31.61322709553604
23	median				0.34822314822750783	0.0316608154105976	0.4679477228489572	0.1149238138467215		4.07180815869092	8.701416760617949	31.584783494403453
23	zero				0.3407110774207098	0.0316403294384841	0.4682330514967948	0.1149726962625642		4.072558674517701	8.697717219019468	31.60523350252162
23	real	0.00-318.41		2	17	0.031543095471824	0.4675801429899098	0.1160298745298559	0.359062840569089	4.029825464213492	8.618470062575891	31.702659014339737
24	real	0.00-48.61		27	54	0.241348172642009	0.691369245361368	0.1741817504927378	0.7447356683104871	3.9692404250478206	5.741129579712734	4.1433916364608105
24	min				71.0273764212136	0.2265728453432019	0.7060353888010041	0.1844879750686467		3.826999502478648	5.420407479825755	4.413591569127566
24	max				1.579863403201534	0.2261524507125757	0.7070363903377614	0.1841870424144967		3.8386869188476265	5.429263573001993	4.4217959913727904
24	median				1.8824495720056365	0.2266649063746968	0.7060634232060483	0.1840934034376989		3.8353542822352944	5.432025164000082	4.411798967886599
24	zero				1.5819925846128764	0.2263248123184136	0.7064942044686395	0.1843345237446304		3.832674368949941	5.424919758305065	4.418428495560231
24	mean				1.793610764507052	0.2265223549367386	0.7063256092685044	0.1841080797937657		3.836472630966096	5.431592144788977	4.414575330895143
25	mean				766.5932237019603	0.1024815560738627	0.1820937630886233	0.1701131537002261		1.0704272957605	5.878440192592062	9.757853396363911
25	real	0.00-454.23		1008	5835	0.122195509556308	0.1999960705141021	0.1753578856212316	0.305363243821061	1.14050229224415	5.702623503113932	8.183606775985476
25	max				766.7471274747979	0.1025328980645288	0.1817978671440619	0.1698734579368993		1.0701958348995988	5.886734820995147	9.752967280517636
25	min				6903.370157829659	0.1039514995970653	0.1801037517958822	0.1738888824754182		1.035740463863999	5.750798934149022	9.619870842423431
25	zero				788.110750943978	0.1029204391382512	0.1794142403410041	0.1726848058767268		1.0389694648009808	5.790897438387615	9.716243035620138
25	median				766.5658521024706	0.1024367538737252	0.1821361699081464	0.1701463213122744		1.0704678684992943	5.877294274054103	9.762121135083111
26	mean				2.7320215820747586	0.081179669445726	0.4639111079510737	0.1960654533175257		2.3661032583836943	5.100337581555031	12.31835515995253
26	min				8.56106352311816	0.081228331766088	0.4637124280550473	0.1960786075901791		2.364931257693576	5.099995416583561	12.310975471953368
26	max				2.2420750974060915	0.081175057505362	0.463899931347765	0.1960598463359867		2.3661139188734346	5.100483442623458	12.319055024185788
26	median				5.568964494873244	0.0812062780123635	0.4638215522370368	0.1960917066297491		2.365329774567173	5.0996547339360525	12.314318849187387
26	zero				2.2430673157846335	0.0811930241938208	0.4638509600137068	0.1961157568718223		2.365189658457027	5.099029348537159	12.31632901876938
26	real	0.00-162.61		6	67	0.080845751403843	0.469349431171597	0.2023409901590217	0.25997681994349	2.3195963941993702	4.94215234992223	12.369233789476105
27	median				21.037755172690304	0.1034298589044052	0.2410697571903902	0.1216619365704614		1.981472299273921	8.219497635736236	9.66838793548241
27	mean				20.923587652181943	0.1033946564303574	0.2411405612356064	0.1216935450882731		1.981539456843744	8.217362714469594	9.671679703037269
27	real	0.00-226.96		24	333	0.101451189975639	0.2442159876704989	0.1214673218114302	0.05227976387643	2.0105488787315795	8.232666902398922	9.856956830571681
27	min				1235.017382534046	0.1036294656537109	0.2410037103537617	0.1218605615812348		1.9777006377334272	8.2061003742657	9.649765090380836
27	max				20.132319935119042	0.1033417552377394	0.2411942777797081	0.1216988068384993		1.9818951725614335	8.217007429884275	9.676630687174642
27	zero				20.201509326442885	0.1035457668607018	0.2411604851371555	0.1219293189259185		1.9778711737386072	8.201472859924502	9.6575652517527
28	median				0.7117986747456764	0.1581159501135385	0.5904199956807925	0.197530324856582		2.9890093893657603	5.062513822756356	6.324472637212936
28	zero				0.709866834418565	0.1581406265177629	0.5903234956804263	0.1975744591814059		2.9878532788411283	5.061382954776737	6.323485760869147
28	max				0.7098126168257289	0.1582131040860145	0.5901051921887067	0.1974850429378367		2.988100685551446	5.0636746212459975	6.32058896623593
28	min				4.135228319629408	0.1583099655934348	0.5899910198383994	0.1975478179956337		2.9865732045263056	5.062065529987793	6.316721731644859
28	mean				0.723172730386292	0.1582035453036697	0.5901084572412263	0.197487268062566		2.98808355105846	5.063617567909185	6.320970861180843
28	real	0.00-72.18		6	11	0.1607901496667318	0.5863806506924701	0.1957255557445179	0.611773575618017	2.9959329963935697	5.109194842728192	6.219286455499235
29	min				187.18952923170028	0.0300728384505664	0.4013951813748481	0.1312735486165089		3.0577003943684704	7.617680869748652	33.2525977434353
29	real	0.00-275.27		23	279	0.030004014838639	0.4082159030659852	0.1335711762054686	0.158022100106939	3.0561676153696418	7.486645161091713	33.328872998429716
29	median				9.85748074869236	0.0300019976898851	0.4017718721576733	0.1310407497707053		3.06600712267514	7.631213967790908	33.33111382570167
29	zero				8.152539850270045	0.030057404399563	0.4011570983163978	0.1310795004775495		3.06041064281524	7.628957970977875	33.269672480919084
29	max				8.126232202883191	0.0299496015227278	0.4023371825831354	0.131077327045082		3.06946435095337	7.629084469017781	33.3894258740348
29	mean				10.944754905680027	0.0300450867497607	0.4015077481150306	0.1310887363888351		3.062869924415772	7.628420469580253	33.28331212117274
30	zero				4.7749695628470645	0.1943963919202675	1.2338209853666595	0.7318977198522157		1.685783343628659	1.366311129104104	5.144128397250058
30	median				4.773206267639846	0.1943602621245112	1.233923536070509	0.7313750922466817		1.6871281906525817	1.3672874706850355	5.145084643688014
30	max				4.771954513802948	0.1943592413026931	1.2339242518518272	0.7313761373528025		1.6871267584939056	1.3672855168880336	5.1451116669189405
30	min				18.58042812422653	0.1946320660173741	1.2329997478936738	0.7316127780116197		1.6853174041666217	1.3668432674423814	5.137899527361199
30	mean				4.77469685344654	0.1943606971225763	1.2339217920596568	0.7313765931199977		1.687122343901982	1.3672846648456098	5.145073128490251
30	real	0.00-100.86		24	142	0.1923527847873552	1.2371243973738468	0.7191845017329399	0.600737301602517	1.72017666453168	1.3904637788918002	5.198780985185599
31	min				76.77529761565206	0.1439381285206635	1.3150185283675235	0.2804882224754993		4.6883199471321495	3.5652120833249965	6.947429498198885
31	mean				1.199102949333671	0.144236012103725	1.3132343361513703	0.2802785493147		4.68546144313333	3.567879177500624	6.933081311766066
31	median				0.9083606664510021	0.1441748098405659	1.3136656728750171	0.2802545781228185		4.687401296614387	3.568184351164322	6.936024407494196
31	real	0.00-45.19		13	71	0.141030036025229	1.3415561957918247	0.2775524837643472	0.8219365221323579	4.83352257416964	3.6029221804732203	7.090688112857809
31	zero				0.4695287544003018	0.1436848315261194	1.3165618247811015	0.2804926813779749		4.693747509964379	3.5651554082883923	6.959676880145954
31	max				0.46927995816812706	0.1437909748369675	1.316061109670604	0.2803199537543037		4.694853477409288	3.567352186696225	6.954539400917309
32	real	0.00-104.28		19	594	0.2358815651400631	1.0073646368569718	0.5789556643538523	0.084442022662682	1.7399685310640298	1.7272479769518403	4.239415655081881
32	mean				17.51649729367441	0.2269584991437045	1.0079759474964258	0.5758640594346568		1.7503713436917496	1.736520943817418	4.406091879233061
32	min				42.511252936586466	0.2271732191104276	1.0076389086019335	0.5759861565932243		1.7494151501171469	1.7361528372742208	4.401927321872854
32	max				17.449810026550065	0.2269703211837151	1.0076011963278737	0.5756051282662946		1.7505076776552322	1.737302103287318	4.405862382291721
32	median				17.515737739910644	0.2267931166830989	1.008463477093802	0.5759921163333984		1.7508286111855018	1.7361348734522877	4.409304897014637
32	zero				17.46880533239691	0.2270729214711295	1.0078680121300867	0.5761421582207739		1.7493391131844207	1.735682740329526	4.403871644057488
33	zero				2.9553464064938773	0.1703732151124213	1.3906496970123887	0.444009160340612		3.1320292940478565	2.2522057860988083	5.869467212555368
33	real	0.00-55.20		10	98	0.167549028340629	1.374783141757225	0.4346021942934824	0.223869740549289	3.1633138530102496	2.3009547883799	5.96840226352724
33	max				2.9530970013317	0.1703183314731233	1.3911135822749874	0.4438598519047216		3.1341279827525423	2.252963397587621	5.871358598635654
33	median				3.4268830783522928	0.1703736100735529	1.3906571479738992	0.4436516489087229		3.134569997417081	2.254020699482941	5.869453605921038
33	min				92.03518152181226	0.1704075807406981	1.3907475959540094	0.4440206541476713		3.1321687019799715	2.252147486065868	5.868283533240561
33	mean				3.555336352658207	0.1703992382776105	1.3909544990776193	0.443968240495032		3.133004508445653	2.252413368318831	5.868570834634971
34	median				75.13474730220463	0.1118173091345757	0.2014929002742266	0.2735316588377951		0.7366346591482208	3.655883945020793	8.943159227669016
34	max				75.13474736566228	0.1118173091345757	0.2014929002742266	0.2735316588377951		0.7366346591482208	3.655883945020793	8.943159227669016
34	real	0.00-577.01		1791	3058	0.1786418590542569	0.2696828284789141	0.2657302945622936	0.931273334593158	1.0148742314952501	3.7632141327626307	5.597792170849953
34	min				16410.648888072414	0.1136783897734399	0.196764108025116	0.2798670142299208		0.7030628763683714	3.573125624509876	8.7967466991131
34	mean				75.13474730200534	0.1118173091345757	0.2014929002742266	0.2735316588377951		0.7366346591482208	3.655883945020793	8.943159227669016
34	zero				76.31556855887777	0.1119915163654663	0.197151522724737	0.2774155411017661		0.7106722353828573	3.604700717301067	8.929247789954555
35	max				60.790230455620474	0.0843597826567265	0.1967719443000477	0.1310259486442818		1.501778436531359	7.632076015071396	11.85398976274228
35	min				725.4128467059155	0.0849096432931136	0.1961209414603904	0.1316898500458182		1.4892639135981631	7.593599655949755	11.777225309355437
35	mean				60.79762860799241	0.0843653238016694	0.1967906251528175	0.1310469523423579		1.5016802881360063	7.630852775480935	11.8532111884126
35	zero				61.18047166048275	0.0845852899874439	0.1962991142192735	0.131569279978698		1.4919828872747174	7.600558429459423	11.822386612949396
35	real	0.00-396.67		128	539	0.1020712643303169	0.1792889974537792	0.1202607152379666	0.350139560960445	1.4908359483727502	8.315267359097641	9.797076646017238
35	median				60.79758303899415	0.0843653449477106	0.1967905542745353	0.1310469015970677		1.501680328769701	7.630855730375966	11.85320821742383
36	zero				2.1967315206957636	0.0517291034835315	0.4495806418233343	0.1121000626689884		4.010529799174744	8.920601614227662	19.331477498316964
36	mean				2.8014968347237996	0.0517995374895811	0.4491272625855013	0.1119986822809765		4.010112024878594	8.928676477561146	19.3051916766851
36	min				11.857957307426993	0.0518283994040079	0.4489847229373307	0.1120763465634515		4.00606137427169	8.922489273272792	19.294441107565227
36	max				2.1943580581064115	0.0517055541024764	0.4497470363293246	0.1120125584400371		4.015148324373684	8.927570389665927	19.340282052061117
36	median				2.6677437337204672	0.0517036617945007	0.4498167153746146	0.1120783880289202		4.0134117137600684	8.922326753503667	19.340989889160248
36	real	0.00-130.66		12	76	0.052300244692993	0.4425895541035867	0.1125880521142171	0.344795403114044	3.9310525921044737	8.881937125846452	19.1203694336439
37	real	0.00-234.48		202	580	0.2259720048368999	0.2713654321747469	0.1974622196477748	0.501978464893768	1.3742650754093502	5.0642598963171785	4.42532693694412
37	mean				65.69341168808867	0.2058344105595468	0.2661426447711958	0.1950972622179091		1.3641536623611572	5.125648554120017	4.858274169423704
37	min				1408.137422766661	0.2063025640657575	0.2655743294444008	0.1959742545752624		1.3551490731268938	5.10271107889816	4.847249497496585
37	max				65.6934075004416	0.2058344074345432	0.266142638588862	0.1950972631577332		1.364153624101275	5.125648529428702	4.858274243182628
37	median				65.6934110703015	0.2058344074345432	0.266142638588862	0.1950972631577332		1.364153624101275	5.125648529428702	4.858274243182628
37	zero				65.9847553301411	0.2060942561536791	0.2654979997357779	0.1956985690844469		1.356668068539691	5.109899396190703	4.85214881124259
38	min				34.46794937120213	0.049613983088786	0.6403424087379108	0.2110595797376749		3.033941456406715	4.737998631679717	20.155608111738623
38	max				2.375787657407511	0.0493577147114074	0.6423160506376654	0.2106689185930214		3.048936003124965	4.746784702169758	20.26025730419165
38	median				2.946355393877084	0.049437110730029	0.6418188747241461	0.2107911155470483		3.044809896557964	4.744032960804751	20.227719323260946
38	zero				2.3798622502161852	0.0493946818701957	0.641895419449355	0.2109703407310357		3.042586067904692	4.740002772593003	20.245094454255195
38	real	0.00-149.14		21	162	0.050113610275174	0.6417996914954104	0.2085611368640857	0.6273096415059279	3.0772736529224805	4.794757139493711	19.9546589141951
38	mean				3.089360683699888	0.0494889977987268	0.6413269143836886	0.2108569690058521		3.041525814429634	4.742551335698304	20.20651143648188
39	mean				0.7453194090864518	0.0241560428471846	0.1769573507304911	0.1127687375634372		1.569205744020545	8.867705905082575	41.39750895153541
39	max				0.7340491685267361	0.0241515315029628	0.1769647240394325	0.1127727456360392		1.5692153546617131	8.867390736653533	41.405241728762455
39	median				0.7605370057408495	0.0241585264017124	0.17695748682362	0.1127677549045158		1.5692206249335696	8.867783178327285	41.39325318820429
39	min				87.21825872585536	0.0241720859040878	0.1769106974387256	0.1128434290862066		1.5677536465466222	8.861836334626545	41.37003335036485
39	zero				0.733771318784098	0.0241440789820977	0.1769800867738345	0.1127146923072949		1.5701598713620435	8.871957856866542	41.418022229859154
39	real	0.00-752.73		30	181	0.024827203645465	0.1745867248044645	0.1110981887874855	0.9395324424236692	1.5714632858544908	9.001046829960956	40.27839841651529
40	median				1.4262401078048734	0.0951452349371384	0.5150160093065045	0.1214115123721361		4.241904241567625	8.236451226593067	10.51024784016447
40	real	0.00-108.54		17	57	0.101013532083458	0.4931174510008712	0.1186821873066419	0.629964716453568	4.154940705017445	8.425864257256036	9.89966373192251
40	mean				1.4719317385725597	0.0952515749261114	0.5145985799982662	0.1213775594322337		4.239651731385912	8.238755208769128	10.498514074709211
40	min				33.6581329352119	0.0954976170580193	0.51362476168022	0.1215796506097103		4.224594815863025	8.22506064941868	10.47146547533696
40	max				1.3839336925894623	0.0950549176526967	0.5153040324526105	0.1214232728891213		4.2438654484562	8.23565348064006	10.5202342466248
40	zero				1.3871893959120762	0.0952311268597968	0.5144673273563493	0.1215403959056606		4.232891653205387	8.227717151556732	10.500768319923813
41	real	0.00-31.82		11	167	0.218092332313404	3.2091423858191845	0.7891899301837478	0.063667672771548	4.06637523247667	1.2671220979304298	4.58521392931401
41	zero				3.544065833431611	0.2256038230917426	3.1867686780389186	0.8011176788092375		3.977903324734585	1.2482560633119175	4.432548998043115
41	mean				5.9417606911537	0.2266030387273553	3.173190632920789	0.7989281844110309		3.971809600458723	1.2516769585957204	4.413003486697201
41	min				453.3911141753798	0.2267107053447218	3.1728772011481468	0.7996587605724531		3.9677889589764175	1.2505334141329587	4.410907718184122
41	max				3.5385344850760405	0.2259712230915246	3.1784153061714493	0.798347024712701		3.9812452577439705	1.2525881215125303	4.4253422463221
41	median				5.250197567483199	0.2268875418821169	3.1693987642749533	0.7984771887602019		3.969304081430415	1.2523839304072082	4.407469849180022
42	min				9.023210351354857	0.2420857968731265	2.9291455364935737	0.6547593953046773		4.473621237814484	1.5272785807596894	4.130766913699133
42	mean				1.7648621715460493	0.2417985449435821	2.93212748767898	0.6545114502278189		4.479871951297996	1.5278571515470436	4.135674183785207
42	real	0.00-24.05		7	51	0.2466071196833712	2.895548920727044	0.6368477290269376	0.279079521428259	4.5466895597653405	1.5702340676128903	4.05503296613634
42	median				1.5737314590362825	0.2414514768430613	2.934815007447189	0.6544614224766199		4.484320857815013	1.527973942628718	4.141618900305921
42	zero				1.377027462301761	0.2421151060979171	2.9275091719675626	0.654217933883044		4.474822563471518	1.528542628088169	4.130266864041008
42	max				1.375499507784231	0.2413001540162187	2.9361436792878326	0.6545528186460445		4.485724597995474	1.5277605893876065	4.144216169595921
43	mean				4.367400782573105	0.027168471939797	0.467099265733116	0.1076837508431718		4.3376949825363065	9.28645215429371	36.807370035970784
43	max				1.5923922457888724	0.0269450898057054	0.4698468764030291	0.1077124099154695		4.362049616861744	9.283981305262587	37.1125131595686
43	median				4.196606155834276	0.0272020339874311	0.466468739939639	0.1076863821974141		4.331733784913429	9.286225236602036	36.761956861830825
43	zero				1.6026444335667502	0.0267824086026208	0.4717343633321358	0.1078224587309014		4.375103006224981	9.274505624990022	37.33794128964723
43	real	0.00-159.05		23	226	0.0251018394172429	0.5101451072539642	0.1061410245495158	0.776957855461345	4.806295298345992	9.421427805546482	39.837718000581354
43	min				86.68146586955156	0.026967808932239	0.4694432684417455	0.1078662060085605		4.352088441902642	9.270744165421352	37.08124759088366
44	real	0.00-18.03		32	75	1.0171827845877903	2.0787965886559667	0.8503840099849905	0.8341353021594431	2.444538660472529	1.17593932653749	0.983107476013022
44	mean				1.735192477067444	1.02538657089617	2.0778313467771525	0.8812011990256688		2.3579533812193856	1.1348146156697076	0.9752419510682858
44	min				32.23521872949402	1.0290196063507728	2.07349526864451	0.8827227293193348		2.348976864165916	1.1328585599819063	0.9717987818971832
44	max				1.7281092169148875	1.025277478640472	2.0779062920861877	0.8811924605210629		2.358061814166554	1.1348258692643425	0.9753457194105248
44	median				1.7340352675815942	1.0253770637363522	2.077837260327416	0.8812004772360957		2.357962023403116	1.1348155451941215	0.975250993382004
44	zero				1.729877368199776	1.025265052406652	2.0774112816597667	0.8821742386542017		2.354876384543892	1.1335629132919898	0.9753575406209876
45	real	0.00-79.06		1	2	0.3605861590513078	0.5117192546458804	0.1071640303132273	0.090006170597913	4.77510273876587	9.33148927935169	2.77326229778473
45	zero				0.23428418064807077	0.376201411471019	0.507069503431875	0.1082503185803021		4.684231049682511	9.23784810164952	2.658150579738152
45	max				0.23414126728731507	0.3760807998316115	0.5071407218482531	0.1082104217109036		4.686616259597773	9.241254069516636	2.6590030664892903
45	min				0.23414126728731507	0.3760807998316115	0.5071407218482531	0.1082104217109036		4.686616259597773	9.241254069516636	2.6590030664892903
45	mean				0.23414126728731507	0.3760807998316115	0.5071407218482531	0.1082104217109036		4.686616259597773	9.241254069516636	2.6590030664892903
45	median				0.23414126728731507	0.3760807998316115	0.5071407218482531	0.1082104217109036		4.686616259597773	9.241254069516636	2.6590030664892903
46	mean				8.206178317119782	0.4141948947516931	0.630853953856264	0.2821803584455591		2.2356409118318354	3.543832765358576	2.4143223701477363
46	min				328.95793114457183	0.4147709525956598	0.6300246184287265	0.2829395689891418		2.226710886284359	3.534323613952973	2.4109692198596457
46	max				8.190813952179974	0.414142483663026	0.6309130967317372	0.2821925287191786		2.2357540775276323	3.5436799285183804	2.4146279105566646
46	median				8.197080368843592	0.4141678534654875	0.6308845331998157	0.2821859396633919		2.235705060118772	3.543762673621723	2.4144800028120232
46	real	0.00-50.21		43	86	0.5087228651887722	0.5836956750750815	0.2607110029969161	0.539501293138565	2.2388609163610402	3.8356647341494403	1.9657068090087306
46	zero				8.21465248391618	0.4147323446839142	0.6300070310016413	0.2827122139499149		2.2284393808088283	3.5371658904597565	2.4111936597618016
47	max				17.468585222994225	0.200937561310319	0.3958728118563251	0.1809804018155585		2.187379450399102	5.525460160151063	4.976670332211529
47	min				174.77353734688296	0.2018467416933913	0.3948484018405821	0.1815256676831033		2.175165677009848	5.508862811322861	4.954253864147172
47	real	0.00-97.15		67	204	0.2166376585402171	0.3863902700850797	0.1738321219851434	0.434385290645901	2.2227783085919106	5.752676712336661	4.61600262271279
47	mean				17.59459977855897	0.2010066263967366	0.3957997381798548	0.180924886744976		2.187646737276985	5.527155594738923	4.974960367854993
47	zero				17.535615909960356	0.2014080943059395	0.3951158215593455	0.1813579413427		2.1786518893745126	5.513957605585996	4.965043750828588
47	median				17.58705402410807	0.2009816834632712	0.3958393847687647	0.1809605393227011		2.1874348200459166	5.526066642721108	4.975577787827351
48	median				1.7250779359162025	0.0597670058924761	0.8468228928946147	0.2142358563376408		3.952759857154825	4.667752714671517	16.731639557100277
48	zero				0.8042154992442458	0.0596760201072498	0.8476791422286662	0.2143006014718153		3.9555611902477663	4.666342479358459	16.757149659156187
48	max				0.8038609915313301	0.0597288410096676	0.8471327612816311	0.2141457591366331		3.955869892997173	4.669716570767867	16.742330557496366
48	min				4.333743768369613	0.0598274909927984	0.8459822235670407	0.2142260917840435		3.949015810921184	4.667965473636504	16.71472400740275
48	mean				1.3140624316158451	0.059801638120048	0.8463691209903944	0.2141624207758326		3.951996423669038	4.669353271117142	16.721949957166093
48	real	0.00-124.41		7	43	0.0576766782506981	0.8820970383435555	0.2174979871765889	0.566260800361252	4.05565609960046	4.5977436986030105	17.3380303847144
49	max				13.835756867651126	0.0434420957273269	0.1724329360726993	0.1249315287876487		1.380219531018393	8.004384559319218	23.019147286924223
49	real	0.00-815.06		20	312	0.045368502922464	0.1674111459318397	0.1210675748043878	0.257488166109756	1.3827909430112106	8.259849936002496	22.041723565554435
49	zero				13.852684638254242	0.0434741251222461	0.1725051615321384	0.1251225149210742		1.3786900114735756	7.992166722598152	23.002188018460902
49	mean				13.836160551160798	0.0434419493153692	0.1724320420288223	0.1249316304208164		1.3802112519304095	8.004378047669961	23.019224868121032
49	min				23.734066739708442	0.043512201558445	0.172433083570296	0.1250507140243198		1.3789052298954585	7.996755618728574	22.98205938067308
49	median				13.836106965859218	0.0434419585754157	0.1724320229094876	0.1249315953261141		1.3802114866089814	8.004380296190556	23.01921996136499
50	min				1339.9231780305126	0.1362675933160617	0.6322302965105615	0.5357526843670103		1.1800786350842818	1.866532878284121	7.338501955344437
50	max				70.36139229311691	0.1361801674910974	0.6325041892364728	0.535282500531238		1.181626876665588	1.8681724117779968	7.343213174307292
50	mean				70.3474748602326	0.1361349191917711	0.6328001322372376	0.5354269877253127		1.1818607331049955	1.8676682777018043	7.345653899359324
50	real	0.00-448.72		96	1375	0.138268211809818	0.6480428149757512	0.5436417787985566	0.2886664804501779	1.19204012687899	1.8394465602146894	7.232320335316531
50	median				70.34877850002447	0.1361737673870732	0.6322057820450531	0.5349340130319181		1.1818388187017956	1.8693894492372325	7.343558301926871
50	zero				70.43819162682158	0.1362528771360057	0.6312845370751315	0.534833803973345		1.1803377654614244	1.8697397071218744	7.339294560376981
51	max				2.8857388305923752	0.2360631692305547	1.3992691549247382	0.4709997019068035		2.970849342918716	2.12314359425618	4.236154260147776
51	median				3.1241267004054185	0.2362823696198365	1.3985979800426742	0.4710898235742729		2.9688562776227507	2.1227374270425905	4.232224357699379
51	zero				2.8917139822137394	0.2364941347819638	1.3975704788028736	0.4714339399704204		2.964509680593982	2.121187965513777	4.228434675227578
51	real	0.00-42.14		14	96	0.2308311803916832	1.4158988741153629	0.4788558566758258	0.4106916061717029	2.9568373329385698	2.08831109833742	4.332170369285301
51	min				10.20890128147861	0.2373436599463731	1.3943671101647397	0.4710383606126633		2.96019863085277	2.1229693452128493	4.213299821136769
51	mean				3.116666723403237	0.2363046284654414	1.3983470131956637	0.4708433277067134		2.9698775174460765	2.123848722399006	4.231825700977524
52	zero				4.605296708794165	0.1591744677615311	0.9301361785850834	0.2202422256506882		4.223241823120292	4.540455387451607	6.282414598666414
52	median				5.043412275559403	0.1589068156333213	0.9307519613841252	0.2196666715720383		4.237110503487966	4.552351946899947	6.292996282220567
52	max				4.585474195242373	0.1588829565020562	0.9307103701682692	0.219582440222234		4.2385464394435175	4.554098219274385	6.293941288706181
52	real	0.00-61.11		16	112	0.157950507269514	0.9219938597309056	0.2155995750948297	0.0605676933897909	4.276417795931993	4.638228064967931	6.33109710938554
52	mean				5.199506055139491	0.1589412897967148	0.9305837105358828	0.2196192497685732		4.23725930908378	4.553334924209802	6.291631339339171
52	min				48.48375108043893	0.1593643586058257	0.9297203919612886	0.220317439116658		4.219912847974789	4.53890533590716	6.274928777979871
53	zero				4.027267829504209	0.1327889988544884	0.5757522146437265	0.1350123396298484		4.264441429740542	7.406730397692632	7.5307443284199325
53	max				4.007350289476625	0.1323273554937144	0.5769579886850591	0.1347226846679556		4.282560061114124	7.422654933463139	7.557016432989172
53	median				5.341461177530328	0.1331809258027944	0.5743916723881902	0.1344879967135438		4.2709512106989775	7.435607819558615	7.508582734142683
53	mean				4.977021669171928	0.132918953844728	0.5752130258340166	0.134565395359487		4.2745984158657855	7.431331044125664	7.523381512377613
53	real	0.00-82.27		16	127	0.1375637662284649	0.5610734557865708	0.1289019804379041	0.117591641176865	4.352714007034643	7.757832708254855	7.269356076942582
53	min				57.266279079014836	0.1331372503202795	0.5748045161660553	0.1349686702691615		4.258799579337564	7.409126858890646	7.511045913854805
54	real	0.00-175.06		8	7	0.0887150930546396	0.2840235478350419	0.1438108095894452	0.571322235379891	1.9749805222978694	6.95358021316218	11.272039126240902
54	mean				1.5392235979008122	0.085595849005512	0.2907261142913614	0.1446699600990691		2.00958176868421	6.912285033570245	11.682809524274983
54	max				1.5173622441168235	0.0855891657087649	0.2907515262850326	0.1447089219583769		2.00921631057871	6.910423949448211	11.683721785566984
54	median				1.5386544432258649	0.0855957347590098	0.290726305992754	0.1446699867482792		2.009582723599801	6.912283760279633	11.682825117576783
54	zero				1.5177190474150841	0.085604866959069	0.2906787099732595	0.1447128017660133		2.008659264598159	6.910238678240116	11.681578811145616
54	min				7.981933806096539	0.0856415328223588	0.2907322882028558	0.1448131478597489		2.0076373761616524	6.905450332234311	11.676577555824936
55	real	0.00-25.13		35	104	0.2599024943443348	2.242600085634396	0.5056134603067169	0.8474586090916709	4.43540423997807	1.97779544752107	3.84759677864091
55	mean				2.7681828732117797	0.2709327674052047	2.139087714935878	0.5219186736902343		4.098507723073835	1.9160073214654003	3.690952591586711
55	min				144.92619881459854	0.2688291837925242	2.149402811861873	0.5236367175592481		4.104759539935574	1.909720931452544	3.719834230392842
55	max				1.16775678274116	0.2677763963770322	2.156019204678943	0.5223536809965698		4.12750839730964	1.914411702990501	3.734459099195541
55	median				4.221308694890096	0.2720273982609805	2.1328337889926887	0.5217211215693628		4.088072536869928	1.9167328265184105	3.676100298693477
55	zero				1.169665944720763	0.2679910423102417	2.1538101763239554	0.5230732335854452		4.117607321560883	1.9117781904943287	3.731468004972879
56	min				65.87879791584355	0.0495960310153056	0.1936049416267789	0.1259982364323471		1.5365686624568933	7.936619021941116	20.162903755169328
56	max				41.78626733516082	0.0495034708535389	0.1936954728633132	0.1259446746688384		1.5379409520300893	7.9399943080516975	20.20060377096793
56	median				41.84315540250588	0.0495318827454993	0.1933683969139741	0.1257137484056793		1.5381642769092576	7.954579452781819	20.189016539874277
56	mean				41.83342345658923	0.0494701555850874	0.1938423582039027	0.1260229843186944		1.5381508321823472	7.935060460646926	20.214207701045645
56	zero				41.873778325239485	0.049563139729972	0.1936662620648924	0.1260660631475641		1.5362283649502106	7.932348921132486	20.17628434050305
56	real	0.00-714.38		33	609	0.0520128939977701	0.1824615783230151	0.1180544706593125	0.062079593115824	1.5455711020853404	8.470666078253403	19.226001922578508
57	real	0.00-65.18		35	228	0.1227919793751729	0.780403337014967	0.1925540167169267	0.219527252953044	4.052906038113121	5.193347908551282	8.143854387627766
57	mean				11.069567614562159	0.1142710338711902	0.8333837619108623	0.1911914319206467		4.358897015096132	5.230359906583294	8.751124113633473
57	min				1097.189651775745	0.1137671825501598	0.8359721159030468	0.1921485294625542		4.350655809031109	5.204307328278978	8.789881032336378
57	max				7.35120461441121	0.1131107806052038	0.8393724986940333	0.1913812876739617		4.385865038822359	5.225171238807869	8.84089027278796
57	median				10.686458125656461	0.1142822657847917	0.8333000728761056	0.1912496536555797		4.3571324546123895	5.228767638977759	8.750264033818942
57	zero				7.4044411688085745	0.1136397570362808	0.8367337797151099	0.1921712355636221		4.354105219030515	5.203692410402023	8.79973722295744
58	median				410.62770804131844	0.3468388220801806	0.4487727671952938	0.2736902575979498		1.6397104198518448	3.65376542364543	2.883183589433436
58	mean				410.5325792130857	0.3468217122377177	0.4488430753122693	0.2737194382472706		1.639792475778782	3.653375903455667	2.883325826252141
58	min				6277.152425648113	0.3585865251394647	0.4389926860857621	0.2804870129423254		1.5651087780525124	3.5652274574496	2.78872721056953
58	max				409.85581862525237	0.3465240063617912	0.4489882311596332	0.2737138276407597		1.6403564081129116	3.6534507906281832	2.885802950563667
58	real	0.00-79.39		892	2416	0.9136373886066594	0.351275637310924	0.1928966060516518	0.331334667592652	1.8210565986674911	5.1841243890638005	1.09452613528114
58	zero				426.7807165657827	0.3542180474520074	0.4404668819080596	0.2794206236769057		1.5763578082102196	3.5788338986613275	2.8231198472051
59	zero				0.7161862983499994	0.1928498918124488	1.7126328365981145	0.5177648778049576		3.3077423943059814	1.931378590682817	5.185380145157271
59	median				1.2512075432653111	0.1929544589711053	1.7123300847535192	0.5176188025110577		3.3080909666471	1.931923637914288	5.182570049597811
59	min				5.096950641349592	0.1931420091624116	1.7105338121516611	0.5173686282301059		3.306218658837739	1.932857822131492	5.177537524522217
59	max				0.715727002719118	0.1927610890489434	1.713347289106104	0.5175641479323458		3.310405668458447	1.9321276483214145	5.187768988719984
59	real	0.00-41.48		7	48	0.1903061449480531	1.698200128591848	0.5084974514619977	0.63595888224514	3.33964334277251	1.9665781944921599	5.254691067768542
59	mean				1.1533746981374984	0.1929426845723703	1.71236701690217	0.5175874312577253		3.308362826240116	1.932040732847827	5.182886317853181
60	real	0.00-259.43		2	10	0.1230024780356669	0.2773905052899667	0.1630929288803739	0.880710646337615	1.7008125808656505	6.1314736749469025	8.129917510361304
60	mean				0.09343216362288774	0.1193472070216396	0.2843091355898227	0.1623758970630763		1.750931885410187	6.158549502033181	8.378914135951948
60	min				0.09344077242314655	0.1193291122263413	0.2842979792953318	0.1623916907270826		1.7506928958152568	6.157950542436384	8.380184695443122
60	max				0.09342333595247629	0.1193545078066155	0.2843178256056546	0.1623581248652602		1.751177071314465	6.159223634972949	8.378401606919217
60	median				0.09343216362288774	0.1193472070216396	0.2843091355898227	0.1623758970630763		1.750931885410187	6.158549502033181	8.378914135951948
60	zero				0.09344519562553821	0.1193691205811157	0.2842848076005653	0.1623955618554272		1.7505700547016807	6.157803751374997	8.377375950595725
61	max				0.8557388998304957	0.0695936419989374	0.863304945668107	0.206007672563387		4.190644624667922	4.854188135601151	14.36912872034012
61	real	0.00-88.34		14	153	0.070049978795936	0.8778072703073908	0.2102390319427957	0.7442083574994129	4.1752821167205285	4.756490698987292	14.275521808694906
61	mean				1.6823944598175415	0.0698239550049965	0.8612621123385569	0.2059812902412008		4.181263799882177	4.854809865638845	14.321732418744263
61	min				19.004851304617393	0.0697743245666288	0.8615360652530768	0.206171152482261		4.178742054260978	4.850339089441914	14.33191945907095
61	median				1.9312229557008442	0.0699239667207841	0.860422066291345	0.2059520495369012		4.1777786053893085	4.8554991428761	14.301248154200614
61	zero				0.856120916427609	0.0695576853725425	0.8631351732251047	0.206004789981865		4.189879144563037	4.854256059230623	14.376556589600726
62	median				1.4620178795123795	0.1645972205203227	1.2720734858572462	0.4088428981804496		3.111399247776087	2.445927285151553	6.075436734829495
62	max				1.4342471660435117	0.1642747603192244	1.2747206910369997	0.4094167842653516		3.113503744904669	2.4424987895754637	6.087362404649169
62	real	0.00-71.07		4	74	0.1688781216486009	1.2178507935885243	0.3910850578661515	0.137429473566679	3.11403048797976	2.55698851154331	5.9214301428623495
62	mean				1.4986905982204344	0.1647427860331591	1.2714427622447282	0.4088625928739158		3.109706743548469	2.4458094661361645	6.070068523660402
62	min				2.7315849995415578	0.1646057959762498	1.2725232720265147	0.4091305768588354		3.110310849402929	2.4442074402692118	6.0751202232531645
62	zero				1.4378442191310443	0.1648309800921228	1.2710924687665974	0.409139460718291		3.1067462095566376	2.44415436791256	6.066820687719672
63	mean				10.308974665863158	0.0218333498668918	0.5084381624712823	0.1133898707697189		4.483982202465496	8.819129902977654	45.801492033817695
63	min				65.41416097991792	0.021810662470384	0.5087709912605388	0.1134162637732868		4.48587331599589	8.81707761065862	45.84913463118632
63	max				6.77486383296295	0.0217187468002215	0.50996762767864	0.1131753175780689		4.505996878045971	8.835848852910836	46.04317225107118
63	median				9.224525220893062	0.021800670908541	0.5088883266786524	0.1133581187471717		4.4892093508860285	8.821600173432213	45.87014795073209
63	zero				6.792044557879897	0.0217769307038251	0.5097037849413539	0.1135858469336465		4.487388162357128	8.803913753305643	45.9201534688425
63	real	0.00-221.50		19	314	0.021548245121064	0.4978410543960198	0.1049248859772539	0.070988426267417	4.7447376259617196	9.53062746445857	46.4074913934626
64	median				156.03162340834479	0.0242251988007637	0.1974440771607233	0.1863889512647845		1.0593121310084197	5.365124881138464	41.27933100670672
64	max				156.03162025166475	0.0242251988007637	0.1974440771607233	0.1863889512647845		1.0593121310084197	5.365124881138464	41.27933100670672
64	min				4530.267687930314	0.0243012437566698	0.196455693263069	0.1875891898832099		1.0472655347857691	5.330797582859568	41.15015716944668
64	mean				156.03162669248096	0.0242251988007637	0.1974440771607233	0.1863889512647845		1.0593121310084197	5.365124881138464	41.27933100670672
64	zero				157.2374841472499	0.0242508226946307	0.1961973352304391	0.187235583782401		1.0478635057877312	5.340865127230126	41.23571445769567
64	real	0.00-2663.60		426	4226	0.037711049563551	0.1981884029649394	0.1850816060110784	0.524067573402039	1.0708163130650403	5.403022059037802	26.517426896718717
65	max				2.2274940574821516	0.5189963465438998	1.8979954575542464	0.4775010115516753		3.974851176517025	2.094236401197193	1.9267958371175435
65	real	0.00-17.96		37	120	0.5433503868218993	1.8734368773331287	0.4508041590666495	0.7316640407464409	4.155766622055829	2.2182581502140803	1.8404330322631801
65	mean				2.5758504362160015	0.520683081165215	1.8948300398820703	0.4772541671174932		3.9702744793752425	2.095319577909132	1.9205540494270368
65	min				52.867276260343345	0.5219127175654206	1.8910039844433384	0.4787912029191918		3.949537863089128	2.088593094240237	1.9160291871497692
65	median				2.503167790718612	0.5202280781387927	1.895294533394096	0.4773157949235524		3.97073500091831	2.095049044333765	1.922233808635773
65	zero				2.2333116942564684	0.5197485897655688	1.89518371038894	0.4782520067259817		3.962730283899886	2.0909478390813274	1.924007144398501
66	mean				2.5524916158778415	0.0524032758635972	0.4800945257919994	0.1610971811763479		2.9801547257767065	6.20743325673298	19.08277647761837
66	min				21.946886232975853	0.0525129752713411	0.4793770008567494	0.1612198615193504		2.9734363765050875	6.2027097069549	19.042912629362053
66	max				1.8825745643590668	0.0522853804120147	0.4808381370308132	0.1611406554832393		2.983965378500192	6.205758546787175	19.125805189134816
66	median				2.5798499125184713	0.0524044496541292	0.4800908198594273	0.1610986294575168		2.9801049299803744	6.20737745173499	19.08234904860228
66	zero				1.8847002178088832	0.0523013428684105	0.4805633484087602	0.161266739501179		2.979928470651859	6.200906666142952	19.11996796174023
66	real	0.00-144.19		19	139	0.051294469765019	0.4881489139098704	0.1626242302867467	0.669291842439362	3.00169853563115	6.149145168814961	19.495279015087203
67	mean				22.647477041410916	0.0771787677876828	0.4376864016020196	0.340416658224065		1.285737319335092	2.93757657224222	12.956931403089754
67	min				290.0987623967675	0.07739012939542	0.4368956081376591	0.3407508271432311		1.2821556789765751	2.9346957375973157	12.921544489098377
67	median				22.64942642224724	0.0771789908141051	0.4376863086539901	0.3404168336363516		1.285736383769864	2.937575058547911	12.95689396106021
67	zero				22.68570837104717	0.0772604345775107	0.437051826104746	0.3407044407946162		1.282788756980746	2.935095291589759	12.943235505577697
67	max				22.64211118967064	0.0771795720160607	0.4378321875531732	0.3404604683299554		1.2860000742548778	2.937198567884408	12.956796388970709
67	real	0.00-341.29		72	485	0.0864641179823152	0.4541774390016771	0.3533654138431573	0.526703751306	1.2852911496405408	2.8299317387180802	11.565491250422903
68	mean				1.7251221024270162	0.0696901385071947	1.014416625809923	0.2466859338859499		4.112178630658842	4.053737415212045	14.349232494304218
68	min				3.193451618549603	0.0697935058968006	1.0133723841414863	0.2467527496124963		4.106833199358059	4.052639743915368	14.327980621558655
68	max				1.448256209669023	0.0697043902787278	1.0136332470717988	0.2463056159090228		4.115347688402694	4.059996749604633	14.346298647779395
68	median				1.8516562230666211	0.0696323670340233	1.015168204577842	0.2467936570450977		4.113429075660303	4.051967996151803	14.361137536964469
68	zero				1.4494610322753483	0.0696376515207673	1.014927569193104	0.2467657961091019		4.112918342801351	4.052425481033329	14.360047735121857
68	real	0.00-117.22		6	58	0.0722651853520478	0.9954866608963896	0.2507534118913975	0.177217400892237	3.9699825154424606	3.987981628872531	13.837922024670524
69	mean				2.4719550988964025	0.079894926002106	1.1544485988415285	0.321564539077588		3.590099213529822	3.1097956350178184	12.516439404094822
69	min				4.954058659204893	0.0801741021620207	1.1514034848012298	0.321525961091586		3.5810591496008457	3.1101687608832056	12.472855610894632
69	max				2.140764658493888	0.0799347022794231	1.1536287678244663	0.3213415287051643		3.5900394588678832	3.111953826912658	12.510211103362304
69	median				2.5659064765140824	0.0799197504809682	1.154126550845658	0.3215044706478114		3.5897682807339044	3.110376655058832	12.51255157807501
69	zero				2.140800472268707	0.079841433638528	1.1546565002756513	0.3216164780057699		3.59016586287888	3.109293423647465	12.524825199499457
69	real	0.00-117.73		11	102	0.0790918671694897	1.1637631287452352	0.3132835616540037	0.350636858130308	3.7147277137717087	3.1919963968758087	12.64352500184441
70	mean				13.420499426292261	0.2662566757587529	1.3780119325863271	0.3877108034614848		3.554226295175236	2.579242030585666	3.755774375047293
70	min				2811.982530957191	0.2638095474038462	1.3844684704518149	0.3899302201342941		3.5505544299054232	2.5645614224401343	3.790613379390607
70	max				8.621062395489362	0.2626458216421656	1.3903355492305207	0.3882742502047287		3.5808080203552684	2.575499146473714	3.8074087520128974
70	median				12.421100415646555	0.2659395771931812	1.3791211450369172	0.3876918258164489		3.5572613431624336	2.579368285349008	3.7602526504492033
70	zero				8.677045401243042	0.2636159807189014	1.3851747474670986	0.3898335859510849		3.553246301463892	2.565197140621631	3.793396732902617
70	real	0.00-27.34		77	279	0.2723032250249573	1.394753549636545	0.3867177336222568	0.584157405024765	3.6066449205014495	2.5858653820535498	3.6723766305314505
71	mean				1.9904842506600702	0.123950134558594	0.4767035982660058	0.1253892471009426		3.801790099929726	7.975165519535863	8.067760503537631
71	min				21.24050475740661	0.1240901164669791	0.4763243122016675	0.1255021337284756		3.795348318397495	7.967992019669594	8.058659532857346
71	max				1.7072958733007078	0.1238800438818063	0.4768166517312019	0.1253293203063914		3.8045099946726952	7.978978881839533	8.072325199966006
71	zero				1.7103768559963743	0.1240741910523884	0.4762894586610601	0.1254235614607948		3.797448048147954	7.972983611317578	8.059693893774938
71	median				2.710713015853353	0.1241932282087864	0.4760746603162066	0.1252820201383763		3.800023816588952	7.981991341578636	8.051968810399696
71	real	0.00-86.51		12	19	0.130677354911263	0.4572430631637733	0.1214811255517723	0.4615968161577801	3.7639020966175307	8.231731435298764	7.6524352721942845
72	real	0.00-1174.80		89	927	0.0680449762875318	0.2393875782371885	0.2166240397106476	0.319331660323189	1.1050831595465904	4.616292823897733	14.696162076306502
72	mean				63.08790495560284	0.0637090622559303	0.2355831890664504	0.215101884197636		1.0952167617927329	4.64895974170639	15.696354091397955
72	zero				63.16947804604426	0.0637217241924895	0.2354322602942565	0.2152653251115452		1.0936840857776853	4.645430003563392	15.693235119928897
72	min				614.7773736987782	0.0637479230909965	0.2354581899229785	0.2153162111019617		1.09354603964993	4.644332142397099	15.686785569038165
72	max				63.0879049812689	0.0637090622559303	0.2355831890664504	0.215101884197636		1.0952167617927329	4.64895974170639	15.696354091397955
72	median				63.08790499505783	0.0637090622559303	0.2355831890664504	0.215101884197636		1.0952167617927329	4.64895974170639	15.696354091397955
73	max				0.652367754878717	0.0465132771338381	0.3107443373679282	0.1398284938169319		2.222324855867825	7.1516181909906935	21.499237671914244
73	real	0.00-242.95		7	24	0.0455061483669881	0.3181958264971586	0.1377513006333733	0.7415413138540641	2.3099297431974204	7.259459586966164	21.9750525123642
73	min				1.0868109091167373	0.0465598770800976	0.3105058103329416	0.1398002315407982		2.2210679260736845	7.153063975492541	21.47771993211418
73	mean				0.6615960247460893	0.0465143014869399	0.3107432326987412	0.139829100291035		2.2223073169459857	7.151587172617413	21.49876420869773
73	median				0.654097053040951	0.046513496895497	0.3107441727360878	0.1398286367897658		2.222321406188746	7.1516108785606844	21.499136094771035
73	zero				0.6524768661847242	0.0465145423262985	0.310742513462249	0.1398576301898299		2.2218488404277665	7.150128302922705	21.49865289407818
74	mean				5.164933287806604	0.152806701894943	1.1576918982638171	0.3316224883544107		3.490993340073401	3.015477041265315	6.544215584781845
74	max				4.4394577136287525	0.152573391991548	1.1584511228309038	0.3314730478983815		3.494857666937814	3.0168365311757306	6.55422277073971
74	median				5.787643601281448	0.1531211697562716	1.155899432057059	0.3314354036925028		3.487555702194907	3.017179181400229	6.530775604651763
74	real	0.00-54.80		21	116	0.157301310817146	1.1300656775237978	0.3226588412987172	0.3280034656980399	3.5023546014584	3.0992487172362995	6.357226108321782
74	zero				4.4511573291177555	0.1528562053363019	1.157400476581707	0.3320387345615634		3.4857393313162173	3.011696817000697	6.542096199495993
74	min				40.31788002639485	0.1531801010498557	1.155893338786255	0.3319648401240678		3.4819751945846256	3.012367212221217	6.5282630912648925
75	mean				1.050929114020681	0.060414077401862	0.4890617950339364	0.1301946423432233		3.7563895582174247	7.680807612372922	16.55243352221049
75	min				2.120589447031271	0.0604557105996197	0.4889269682555887	0.1302057176377794		3.755034549371629	7.68015428310076	16.541034586835043
75	max				0.9194611049459037	0.0603540269957319	0.4894374000898661	0.1301540282315907		3.7604475769200265	7.683204381662634	16.568902685991723
75	median				1.0186357080430595	0.0604636560268998	0.4887593858911802	0.1300683591157685		3.757711631128948	7.68826490007413	16.538860957318025
75	real	0.00-127.49		9	25	0.057797307219151	0.5084298586916725	0.1276256694048513	0.605017677164895	3.9837586048527798	7.8354143383790795	17.301844118935914
75	zero				0.9205156464527293	0.0604277171325311	0.4889889826968881	0.1302413092385928		3.75448454530732	7.678055494421291	16.54869731065268
76	min				6.672038407231936	0.159490389554019	1.3947491713003828	0.4478777345804722		3.114129289340196	2.2327522062169525	6.269970264642827
76	max				1.1500001696723374	0.1588327516869498	1.3984704933116838	0.4478610331778963		3.122554519620806	2.232835468860241	6.295930715668403
76	median				1.369901227905963	0.1589334702788813	1.3978230179930482	0.447611942043654		3.12284567657206	2.2340780172984607	6.291940887248576
76	zero				1.151209271551179	0.158966006255959	1.39714335288649	0.4480548301948998		3.118241917576796	2.2318697012260955	6.290653099693844
76	real	0.00-47.99		13	80	0.172658774079946	1.3058667507996935	0.4428951181050823	0.691824159284543	2.94847853908803	2.2578709024350494	5.79177053311505
76	mean				1.4045618913406726	0.1591111161167303	1.3968133853327052	0.4477740018969011		3.1194606641193925	2.233269452365945	6.284916003394507
77	max				0.2035626519347644	0.3288239296495216	3.0300227851977333	0.8829874506468546		3.4315581529250663	1.132518926817618	3.041141199990689
77	mean				0.2035626519347644	0.3288239296495216	3.0300227851977333	0.8829874506468546		3.4315581529250663	1.132518926817618	3.041141199990689
77	median				0.2035626519347644	0.3288239296495216	3.0300227851977333	0.8829874506468546		3.4315581529250663	1.132518926817618	3.041141199990689
77	zero				0.20354129901867726	0.3288538814386276	3.029717168774461	0.8828205475032241		3.4318607301824224	1.1327330371140325	3.0408642149070246
77	min				0.2035626519347644	0.3288239296495216	3.0300227851977333	0.8829874506468546		3.4315581529250663	1.132518926817618	3.041141199990689
77	real	0.00-25.71		1	1	0.3034594898795306	3.2322798643299904	0.8874256126725684	0.362849399126009	3.6423107674294704	1.1268550126566699	3.295332765493631
78	mean				10.215904356255326	0.0272385302030738	0.4561114761856897	0.0975148937770532		4.677351925629843	10.254843760444263	36.71270044839461
78	min				524.1849384872021	0.0263304881642508	0.467260405291208	0.0978435578174919		4.775586821595257	10.220396951072702	37.97878693938184
78	zero				2.073285129529735	0.0262915206888165	0.4676765592058538	0.0977841610767078		4.782743483773203	10.226605096254175	38.03507647335758
78	real	0.00-152.53		52	363	0.024982913692043	0.4912263757093617	0.102677101451034	0.90701115427255	4.784186237898663	9.739269865120736	40.0273567897926
78	max				2.007618279240555	0.0267099386185293	0.4627379317377034	0.0975531920368676		4.743442239827722	10.250817826874147	37.43924740082606
78	median				10.013646882780938	0.0272247985174938	0.456336651197913	0.0975517064451935		4.677895116619941	10.250973934134295	36.73121765648434
79	min				25146.052961715515	0.1121555569795961	0.2356947340302951	0.2162221435632134		1.0900582620548704	4.624873213818851	8.916187721148088
79	real	0.00-815.18		623	6301	0.134229506695925	0.2239345528162022	0.2015787028960146	0.176087602239528	1.1109038286238004	4.960841525584452	7.449926805328551
79	mean				767.0361637939502	0.1117907104637855	0.2364853419380062	0.2149432942826725		1.1002220037951207	4.652389846993307	8.945287098107753
79	max				767.0361636761031	0.1117907104637855	0.2364853419380062	0.2149432942826725		1.1002220037951207	4.652389846993307	8.945287098107753
79	median				767.0361638023247	0.1117907104637855	0.2364853419380062	0.2149432942826725		1.1002220037951207	4.652389846993307	8.945287098107753
79	zero				775.690676749285	0.1120480952360684	0.235605887289981	0.2160908283236818		1.090309519925888	4.627683681706762	8.924738951547106
80	min				400.7882561339721	0.0465122072484488	0.8964823484018544	0.2136726982621164		4.195586781527522	4.680055094232398	21.499732202740176
80	max				6.194026506862217	0.0470633990631697	0.8900050846054601	0.2130311188205814		4.177817257557746	4.694149876019838	21.247934061408824
80	real	0.00-80.79		77	583	0.046531673853296	0.8961836333111869	0.2076904402806761	0.7823454687341759	4.314997031640313	4.814858106365341	21.49073775322971
80	median				13.150423262846697	0.0477412033614879	0.8810041813421735	0.2131439549831572		4.133376343756928	4.69166484256624	20.94626715686609
80	zero				6.374048594846878	0.0460318410008021	0.9035124116495858	0.2138449902968594		4.225081028998298	4.676284436739906	21.724093111604496
80	mean				15.213274058719072	0.0478532843006429	0.8793096047584176	0.2130585743463132		4.127079172740334	4.693544970288607	20.89720725786348
81	max				0.5954086295551209	0.0321271181278733	0.421230907420981	0.1204591299313338		3.496878216380098	8.301570836266517	31.126352386160782
81	min				58.748850975921	0.0321403534415703	0.4210893408047859	0.1204532485521497		3.495873676021922	8.30197617764584	31.113534635452957
81	real	0.00-282.26		4	9	0.033155856723351	0.4110645586075261	0.1178803215896562	0.504524531724421	3.4871346893542605	8.483180114497994	30.160583945813716
81	median				0.9276516715143742	0.0321579217969778	0.4210236446367207	0.1205237874479301		3.4932825590020173	8.297117284270788	31.09653684442941
81	zero				0.5955459825701525	0.0321278838045815	0.421219972273488	0.1204872121947051		3.495972432267784	8.299635967873652	31.125610578104645
81	mean				0.9931690821556375	0.0321531874235435	0.4209935680005928	0.1204356211318654		3.495590125612797	8.303191286779649	31.101115632093435
82	mean				0.6682992986515182	0.0396034554969412	0.718313223709818	0.1546894700648777		4.643581902559709	6.464564133425461	25.25032190883532
82	min				3.775364014430383	0.0396653650837402	0.7176351576442905	0.1546449518346364		4.640534004703017	6.466425112080679	25.21091127962224
82	median				0.6476030265772594	0.0395818638558651	0.7188310655118002	0.1546880054752951		4.646973521334873	6.4646253400669	25.26409578996678
82	zero				0.23120815237508194	0.0394442930076933	0.7206343190989651	0.1546900104906894		4.658570497300078	6.464541548791147	25.352210009315087
82	real	0.00-123.93		8	94	0.0384782285426619	0.7315427809163592	0.1598195275157893	0.903842773768335	4.57730536616739	6.25705766713148	25.98872239898653
82	max				0.2307704789462563	0.039494938569464	0.7199362601746929	0.1546518381452285		4.655206616416833	6.466137176209522	25.31970009881622
83	real	0.00-121.25		12	73	0.0643033340462028	0.8110338513184452	0.2074262226993762	0.6175750552243111	3.909987082461991	4.82099122756193	15.55129317682792
83	mean				1.522776899869283	0.066502514472243	0.7970360963189836	0.2057827014312681		3.873192891216833	4.859494957762533	15.03702541078175
83	min				55.942757364453136	0.0664306407872129	0.7978135081863742	0.2060782000332577		3.871411474176405	4.852526855526767	15.053294506117238
83	max				1.112420610098723	0.0662472971529836	0.798885206960405	0.2057302572312382		3.883168269519384	4.86073372705704	15.09495546196729
83	median				1.5910931568977011	0.0664474701490688	0.7974362808512089	0.205799107003008		3.874828673768507	4.859107576134349	15.049481910396157
83	zero				1.1136772298341533	0.0663332219010114	0.7986572353412829	0.2059507303859057		3.8779043601582632	4.855530243210223	15.075402209352836
84	zero				0.4546340455180049	0.0555494036974103	0.4572415788732806	0.1317103476587829		3.471569143966116	7.592417891042718	18.00199342277761
84	median				0.6404028535595777	0.0556719846648465	0.4566576325113817	0.1316035459656671		3.4699493023578167	7.598579450593837	17.962355860315466
84	mean				0.6662721177808955	0.0556800520911756	0.4566118751299539	0.1316020464680129		3.469641144531422	7.5986660301901825	17.959753312775437
84	min				64.22240897143034	0.055649789588381	0.4566899231299386	0.1318083967374297		3.464801442351905	7.5867700749904445	17.969519874137802
84	real	0.00-148.29		17	49	0.06045999398739	0.4359138086073676	0.1269856997489026	0.887936182248978	3.432778726024501	7.874902465217482	16.53986271001892
84	max				0.4544213085909098	0.0555356606039773	0.4574144529908949	0.1316766520770611		3.4737703744411887	7.594360763476654	18.00644827349693
85	min				16.58581842118816	0.1976836864015899	0.5689206883776314	0.1436089002560966		3.9615976959859713	6.963356715473122	5.058586361893932
85	max				0.8891410730742433	0.1971688673391282	0.5698935802904435	0.1434328884952806		3.9732420246782856	6.971901706022627	5.071794616946353
85	zero				0.8899952751347389	0.1972517673562529	0.5696293297453545	0.1435282383126663		3.968761384114925	6.967270076997455	5.069663067676944
85	median				0.9114851514468606	0.1970920009106492	0.5700806125982748	0.1434574124297192		3.973866549959983	6.97070986478239	5.073772630951905
85	mean				0.9131590093315802	0.1970737176868211	0.5701289004578772	0.1434692113508788		3.9738763117860048	6.970136592960887	5.074243342733026
85	real	0.00-69.15		22	81	0.209725946391481	0.5660064406372672	0.1460625973459047	0.8128307659723	3.8750949998297894	6.846379690426873	4.7681272498986305
86	real	0.00-413.96		38	465	0.0763186006489821	0.3629239811162457	0.2491962288251991	0.1507029058456359	1.4563783040666396	4.01290181923844	13.102965613840006
86	zero				35.35014337053493	0.0751882075780768	0.3821140776451943	0.2597010854118652		1.4713611113299423	3.850580749071879	13.299957961646854
86	median				35.30504501265689	0.075137277635928	0.3822796150014442	0.2595457328020583		1.4728795995771138	3.852885536602703	13.308973008649907
86	max				35.296694705435705	0.0751153366344867	0.3824184346289896	0.2596265955515241		1.472955549167138	3.851685525035301	13.31286052628675
86	min				133.69744703221681	0.0752460269120884	0.3821213032119088	0.2597403060716918		1.4711667549449878	3.84999931325247	13.289738223232993
86	mean				35.29880609775207	0.0751216524257761	0.3821565601647155	0.2594329754758342		1.4730454348133273	3.854560115829024	13.311741258461376
87	mean				6.950809252671929	0.037519704416541	0.1365793945102912	0.1129733998814983		1.2089517944361587	8.851641192076487	26.65266199589617
87	median				6.950044150953635	0.037502689047084	0.1365876813301665	0.1129687957869077		1.2090744207613835	8.852001944734306	26.664754592517752
87	zero				6.951146198276681	0.0375122793860837	0.1365450336639682	0.1129567583230707		1.2088257107505862	8.852945276101782	26.657937517147484
87	min				9.192088102426135	0.0375084862082543	0.1365830219542836	0.1129686276884565		1.2090349750105014	8.852015116601997	26.660633395008425
87	max				6.950092494471683	0.0375106820843945	0.1365526086919253	0.1129516545790944		1.208947396129592	8.853345298273164	26.65907268095309
87	real	0.00-1388.63		5	61	0.03883141767375	0.1299655614952804	0.1073011420252733	0.124218461890226	1.2112225372649699	9.31956530121985	25.752343331930398
88	mean				8.485516598168285	0.4691231003371889	2.033071425165958	0.4845312656657998		4.195955079126405	2.0638503041199807	2.131636662703746
88	median				10.922349002529291	0.4696922106084488	2.0316831083688687	0.4849821416938633		4.189191588112814	2.06193159300128	2.1290538301765314
88	zero				6.206018203369338	0.4668188886049442	2.039368255809732	0.4874172905711364		4.18402936305374	2.0516301316029213	2.142158392494422
88	real	0.00-23.25		33	108	0.495193724738466	1.9533979523420488	0.4558824400888929	0.287064654218774	4.28487210861018	2.19354796777215	2.01941169696394
88	max				6.160920573420993	0.4651918576922481	2.0444108440058804	0.4852842844014052		4.212810737375612	2.0606478143702778	2.149650694577632
88	min				99.63218382955507	0.4688013968657051	2.034048474761471	0.4873482236724892		4.173706553054771	2.051920888239507	2.133099446131694
89	mean				0.4301365258365432	0.0558802640712729	0.9405640372845844	0.2007120709659961		4.686135879908943	4.982261381625703	17.895405768386176
89	min				9.18907188921265	0.0558713003226249	0.9406081621013288	0.2006029910288612		4.688903975345021	4.9849705374339495	17.89827682952733
89	max				0.26090042570384064	0.0558252964865889	0.941150472089544	0.200681932565624		4.689761853782144	4.983009617335606	17.91302622531045
89	median				0.30885370104657156	0.0558995434548157	0.9403853875118836	0.2006691937040518		4.6862469029440055	4.983325948250962	17.889233761064816
89	zero				0.2610736497329906	0.0557760879016237	0.9419746147391675	0.2007462628440454		4.692364387729417	4.98141278364357	17.928830034902617
89	real	0.00-101.67		5	65	0.057575837150027	0.9349368955130328	0.1972089319116932	0.7978862096114008	4.740844577626341	5.070764241285902	17.368397048127523
90	real	0.00-34.29		1	0	0.278932640751573	1.4520394609171634	0.349280254406877	0.575876588981556	4.157233174783711	2.8630304386892105	3.5850949437310007
90	median				0.09806227205586575	0.2812401014870365	1.464625430676043	0.3530602043637551		4.148373032626047	2.8323781259971965	3.55568069671634
90	max				0.09806227205586575	0.2812401014870365	1.464625430676043	0.3530602043637551		4.148373032626047	2.8323781259971965	3.55568069671634
90	min				0.09806227205586575	0.2812401014870365	1.464625430676043	0.3530602043637551		4.148373032626047	2.8323781259971965	3.55568069671634
90	mean				0.09806227205586575	0.2812401014870365	1.464625430676043	0.3530602043637551		4.148373032626047	2.8323781259971965	3.55568069671634
90	zero				0.09807041948031625	0.2812564181921694	1.4645497575984132	0.3530743908511121		4.147992025329299	2.8322643213783514	3.555474418780184
91	min				1099.8658804547563	0.0237284140693014	0.1576029686051662	0.1237036178368359		1.274036858105826	8.083837946590956	42.14356665723167
91	median				84.94330694646139	0.0235255427767696	0.1583728551986027	0.1230531749802875		1.287027784727807	8.126568048001966	42.50698950875868
91	max				84.91057697838234	0.0235229939083145	0.1583881632947326	0.1230396195301055		1.2872939944029815	8.127463363581992	42.511595415859766
91	zero				85.45295646207127	0.0235883592842177	0.1577138581427834	0.1235769931462126		1.2762396472633144	8.092121150874982	42.39379212224696
91	real	0.00-1035.79		315	2688	0.0248434199021979	0.1558450564625621	0.1201106564870125	0.5723858711868559	1.29751231922884	8.325655934684942	40.25210715500283
91	mean				84.92519348989423	0.0235395287953163	0.1583726297457982	0.1230297954085012		1.287270528410997	8.1281123542444	42.48173396737536
92	mean				1.3565826814555733	0.0338091604564094	0.457907057107556	0.134277274540617		3.410160495691662	7.44727656575658	29.577782663054027
92	max				1.3142979291393206	0.0338329205460136	0.4582373978549183	0.1345636806587813		3.4053571930518887	7.431425739131952	29.557010859880524
92	median				1.3807966491348431	0.0338481330778753	0.458192497764102	0.1346105176567479		3.4038387619344626	7.428840014938243	29.54372690804756
92	zero				1.3140454394897931	0.0338276022480001	0.4581611272592209	0.1345167482968834		3.405978311697235	7.434018534204849	29.561657745314164
92	min				1.3938081472099095	0.0338361343193672	0.4581254591928161	0.1345267316752509		3.4054604128697354	7.433466847421905	29.554203519862963
92	real	0.00-245.84		3	80	0.0331802610109209	0.4874823927574786	0.1446524120539002	0.024412580832833	3.3700260219361815	6.913123575342672	30.138400649436168
93	zero				9.730794497174447	0.027817069345038	0.3443576900670924	0.1082882569518332		3.180009538986883	9.23461165733604	35.9491500558946
93	median				16.96811415984676	0.0278739833119408	0.3437103714027189	0.1080891097601036		3.1798797507497327	9.25162583186624	35.87574796213687
93	min				140.64729443663626	0.0278543967607664	0.3439447426181709	0.1082099163656113		3.178495596060503	9.24129722659869	35.90097493723221
93	mean				14.428097371606993	0.0278707301834652	0.343611357544383	0.1079989481514776		3.181617630779505	9.25934943919468	35.87993545261565
93	max				9.693825414619576	0.0277374806714701	0.3448703140144054	0.1080813229092281		3.1908409772523223	9.25229237654546	36.05230092250467
93	real	0.00-302.78		30	373	0.028589017557059	0.3371102327221689	0.1086581257724258	0.176422734291013	3.102485252029972	9.203177331573027	34.97846674878434
94	real	0.00-47.04		12	53	0.0930045871363463	1.1947246443977175	0.2589623324117321	0.7397061400763271	4.613507428942169	3.861565466633462	10.752157832107605
94	mean				1.5441511337144007	0.0989194470451429	1.155862136308277	0.2611853526043103		4.425447770263675	3.8286986235211145	10.109235644469784
94	min				10.672721391283261	0.0988337929800523	1.156566510723663	0.2613223143472196		4.425823770973229	3.826691962751017	10.117996788829403
94	max				0.8412942119973306	0.0985276340419047	1.1590403836823666	0.2612291688625668		4.436871995302101	3.8280564316540846	10.149436853164366
94	median				1.337147911687917	0.0986750795446463	1.157672387433811	0.2612288535895108		4.431640576936236	3.828061051676082	10.1342710298758
94	zero				0.8415035462793204	0.0984116383546521	1.1596738716529231	0.2609941069361434		4.443295234771936	3.831504135243432	10.161399776683298
95	real	0.00-380.20		4	21	0.020781772747787	0.4360822781589954	0.103152033280905	0.7234656189874109	4.2275684180790725	9.694428390730666	48.11909032671371
95	zero				0.26164050523321336	0.0197527876509147	0.443097125681395	0.1048430635082959		4.226289378184126	9.538065433588486	50.62576572343652
95	max				0.2617592220698569	0.0197601705851419	0.4430278002628386	0.1049107271603249		4.222902769378406	9.531913723863491	50.60685056797621
95	mean				0.32930568046339265	0.0197492654050859	0.4431984591521662	0.1049241568502839		4.223988759657752	9.530693693606688	50.63479473735125
95	min				0.3856926577906803	0.0197514007157674	0.4431245734237389	0.1048881009558089		4.224736356037512	9.53396992497096	50.62932064365961
95	median				0.3761029585108984	0.0197346260316535	0.4434433197198332	0.1049236741203605		4.226341895072683	9.530737542157317	50.67235621268111
96	min				1.4459644092068467	0.2944574204150179	1.3007168747454128	0.4509906150935549		2.884132909230468	2.2173410411047176	3.396076752253576
96	mean				0.8681903651595698	0.2945630963688702	1.3003407521191257	0.4508741525944723		2.8840436841113077	2.217913788682905	3.394858393081725
96	max				0.8590611695558725	0.2941809926147653	1.3016264068610222	0.4511616490958863		2.885055521606148	2.216500453892676	3.39926788305292
96	zero				0.8593679719831472	0.294248037287617	1.3014638674317394	0.4512510124633743		2.8841239830733287	2.2160615098479477	3.398493356890383
96	median				0.8609727985484942	0.2941884636190213	1.3014421017323257	0.4509558669286691		2.885963344032031	2.2175118971413164	3.3991815576256443
96	real	0.00-47.70		3	31	0.2913660436934683	1.297856679776292	0.4434790806724005	0.278416699249097	2.9265341621266305	2.2548977924365805	3.4321089284242405
97	max				4.952684571659226	0.0391824397610495	0.3304424359330579	0.1550041006885293		2.13183028361979	6.4514422235153335	25.521636888831
97	median				5.574705565049612	0.039182254372663	0.3304804366719075	0.1549555774718123		2.132743087172997	6.453462445918786	25.52175764286007
97	min				24.29603756120602	0.0392513669058099	0.3302686449996171	0.1551407736715072		2.128832009687686	6.445758754029325	25.476819760179623
97	real	0.00-302.86		21	189	0.0391474175337959	0.3230127031716749	0.1515333977863592	0.480294746543074	2.13162713890358	6.5992052881296805	25.54446916291992
97	zero				4.954171687227482	0.0391804481978176	0.3304546932706368	0.1550604192306763		2.1311350434248117	6.44909903482426	25.52293416734577
97	mean				5.2442045095282985	0.0391699318707725	0.3305207146680767	0.154945948511932		2.13313557303258	6.453863489841377	25.529786554113706
98	median				206.86272399951747	0.0189902204525374	0.1223604452534554	0.1085579699694635		1.127143822677178	9.211668201618837	52.65868305738282
98	zero				208.61795415458425	0.0190324789862059	0.1220491994110566	0.1092709014463637		1.1169414528072248	9.151567222046353	52.54176298971685
98	max				206.86375198437068	0.0189901709251317	0.122360582010748	0.1085586729809125		1.127137783199158	9.211608548087412	52.65882039411199
98	real	0.00-2656.51		302	4256	0.022910359183603	0.1211099935046648	0.1075165976676128	0.321543966095811	1.1264306733280003	9.300889552806504	43.6483772247317
98	mean				206.86685633032855	0.0189905553209835	0.1223210824346715	0.1085253729048045		1.127119669443276	9.214435050844491	52.65775450468542
98	min				4041.898374908892	0.0190652269818646	0.1218370116380488	0.109123862168227		1.1165020117251994	9.163898528979708	52.45151295346375
99	real	0.00-250.16		288	485	0.1055747828789099	0.1896098780028855	0.1228432331238745	0.894496690411466	1.5435109706994103	8.140456536108953	9.471958859218876
99	median				13.188280975474404	0.0917261778474745	0.1883761995288632	0.1277672333770471		1.4743701851393798	7.826732829448949	10.902013181698628
99	mean				13.188961603332459	0.0917264609037202	0.1883761524497967	0.1277672795515348		1.4743692838338571	7.82673000090489	10.901979539466156
99	min				1776.6591794402307	0.0920177296783166	0.1877792390977306	0.1284605704460002		1.4617655709124038	7.784489797360509	10.867470904747211
99	max				13.186118552060789	0.0917249958607252	0.1883757711675546	0.1277673389479259		1.474365614238321	7.826726362420127	10.902153667233678
99	zero				13.231182154752092	0.0918763246906684	0.1878037668530097	0.1280732760235358		1.466377472990519	7.808030145307063	10.884196808773371
