	type	T	sampled_tips	observed_trees	unobserved_trees	mu	lambda	psi	p	R_naught	infectious_time	incubation_period
0	real	0.0		23.0	0.0	0.7299648936648243	1.4210610634344352	0.6069550954814479	0.44732297990706804	2.34129521938888	1.6475683414549502	1.3699288947711599
0	PyBDEI (p)					0.7370681598462165	1.4451313893519724	0.6157634057400174	0.44732297990706804	2.3468939139298644	1.6240003720231009	1.3567266292016225
0	PyBDEI (mu)					0.7299648936648243	1.3834605962398765	0.5730635301333146	0.4889962785613416	2.414148734814856	1.7450072241857113	1.36992889477116
0	PyBDEI (psi)					0.723227427237042	1.4357033234401382	0.6069550954814479	0.46339757780283	2.3654193434216277	1.6475683414549502	1.3826909245136303
0	PyBDEI (lambda)					0.7067855652092562	1.4210610634344352	0.5851573064668579	0.485450094715117	2.4285111844791105	1.7089421749476823	1.4148562862965837
1	real	0.0		23.0	0.0	0.2523725112488919	0.9070813841379691	0.2692907505391973	0.6225767763228239	3.36840898665005	3.71345840136623	3.9623966772426797
1	PyBDEI (p)					0.2491725954983809	0.9218470786715278	0.2755259179009311	0.6225767763228239	3.3457726434396267	3.629422624261297	4.0132824318013665
1	PyBDEI (mu)					0.2523725112488919	0.8798752225008649	0.25691410580128937	0.6726478824385089	3.4247836246928607	3.892351480200358	3.96239667724268
1	PyBDEI (lambda)					0.23700349453500374	0.9070813841379691	0.25607040208720155	0.6892639714347689	3.542312491972712	3.905176044748282	4.219347068961918
1	PyBDEI (psi)					0.2433383779346529	0.9137924538709596	0.2692907505391973	0.6534037950831463	3.393330264932178	3.71345840136623	4.109503845992365
2	PyBDEI (mu)					0.03029711860849503	0.5177228009395194	0.1270999113753621	0.9892505585873804	4.0733529656880485	7.8678260997894505	33.006439091525
2	PyBDEI (p)					0.03079677265748363	0.5088741042714578	0.12608102265896454	0.997036566631611	4.03608801340315	7.931407748054924	32.470934897037
2	PyBDEI (lambda)					0.03167965530847201	0.4991666375631278	0.1267336707173871	0.9897320552407064	3.938705749920689	7.890562897290136	31.56600001681749
2	real	0.0		29.0	0.0	0.03029711860849503	0.4991666375631278	0.12767654472811538	0.997036566631611	3.90961894078582	7.832292157729361	33.006439091525
2	PyBDEI (psi)					0.030921686185402742	0.5108580971609341	0.12767654472811538	0.9881321532609699	4.001189868106128	7.832292157729361	32.33976290956836
3	PyBDEI (psi)					0.1327969037799667	1.6401790475302105	0.4226364125557624	0.8333111563472555	3.8808275832452233	2.3660999627382098	7.530296050101559
3	PyBDEI (lambda)					0.12891982831638515	1.6863982922081189	0.4224151106626054	0.8320620593139361	3.9922773822243594	2.3673395547602167	7.756758700809598
3	PyBDEI (mu)					0.12040375238506205	1.7237055095288925	0.41401987417085695	0.8575160381295219	4.163340015937393	2.4153429880695096	8.305388994870441
3	real	0.0		28.0	0.0	0.12040375238506205	1.6863982922081189	0.4226364125557624	0.8293398478248979	3.9901869363554106	2.3660999627382098	8.305388994870441
3	PyBDEI (p)					0.13355952777066726	1.637396050793736	0.4217490571761247	0.8293398478248979	3.8823940988917274	2.371078211047178	7.487298111124523
4	PyBDEI (lambda)					0.046603812252938866	0.2622941833873121	0.13443947529597627	0.6893671655850795	1.951020582383681	7.438291452703472	21.457472074871713
4	PyBDEI (p)					0.04736149868157688	0.2708073716928985	0.13986006225067776	0.6549452351128721	1.9362737820573663	7.150003967591928	21.11419671753313
4	PyBDEI (mu)					0.04677213720739507	0.2663866608945149	0.13652702257109567	0.6781487213760063	1.9511643620280048	7.324557301315612	21.380250288025998
4	PyBDEI (psi)					0.04723030132863665	0.2731481230122768	0.14255609998616633	0.654737063811465	1.916074605287204	7.014782251317482	21.172848190017387
4	real	0.0		30.0	0.0	0.04677213720739507	0.2622941833873121	0.14255609998616633	0.6549452351128721	1.8399365822491296	7.014782251317483	21.380250288025998
5	PyBDEI (lambda)					0.8485571754552823	0.2873148575232718	0.20261114676628225	0.4474142042854903	1.4180604675945976	4.935562608278056	1.17847097275851
5	PyBDEI (psi)					0.8401143899439677	0.2910883591380806	0.20584751545822136	0.4392797602055269	1.4140970246354985	4.857964876447388	1.1903140952825435
5	PyBDEI (p)					0.8102862208321809	0.2990109303618114	0.21248774229945994	0.4271495730639	1.4071914319669978	4.7061538194080645	1.234131809588196
5	real	0.0		26.0	0.0	0.9240026020199156	0.2873148575232718	0.20584751545822136	0.4271495730639	1.39576548632954	4.8579648764473875	1.0822480345985501
5	PyBDEI (mu)					0.9240026020199156	0.2880731033111442	0.20475269175897426	0.4255498079100801	1.4069319472012172	4.883940676966317	1.08224803459855
6	PyBDEI (p)					0.4513612723587933	0.6440427791847834	0.14084895964247504	0.032288791520142	4.572577467519773	7.099803949836457	2.215520163646398
6	PyBDEI (psi)					0.4154767780455727	0.6504032403605446	0.13433231072568294	0.036194486986736385	4.841748324338131	7.444225403388453	2.4068733870134915
6	real	0.0		25.0	0.0	0.4975835768756962	0.6147459861167709	0.13433231072568294	0.032288791520142	4.576307686481551	7.444225403388452	2.00971263215509
6	PyBDEI (lambda)					0.3667385075272451	0.6147459861167709	0.09247573424111236	0.056024282536087266	6.647646446514728	10.813647582323554	2.726738478439464
6	PyBDEI (mu)					0.4975835768756962	0.6354205906086688	0.14991937773524214	0.02892781049516462	4.238415341683331	6.6702518053803646	2.00971263215509
7	PyBDEI (mu)					0.050938770042800896	0.6355760974026439	0.21629931014104656	0.32541226726132283	2.9384101918225776	4.623223251835201	19.6314123635054
7	PyBDEI (p)					0.05201456264518325	0.6385192781160404	0.22066647516359572	0.31573505363974197	2.89359440595886	4.531725987187809	19.225385144954284
7	PyBDEI (psi)					0.05088754592825506	0.633189547847357	0.2150041801769944	0.3271831055405777	2.9450104055005197	4.65107236136891	19.651173617408713
7	real	0.0		31.0	0.0	0.050938770042800896	0.6308707935278659	0.2150041801769944	0.31573505363974197	2.9342257113723296	4.65107236136891	19.6314123635054
7	PyBDEI (lambda)					0.051255045297724684	0.6308707935278659	0.21549915436578515	0.3260787502894405	2.9274861675653487	4.6403894388495575	19.510274436229835
8	real	0.0		39.0	0.0	0.05450624562902902	0.4189545259980157	0.21185512479887966	0.969111940083884	1.9775520011410703	4.720206796740601	18.3465213657537
8	PyBDEI (mu)					0.05450624562902902	0.4230673248823042	0.21272049360555054	0.9683687491595546	1.9888414026849783	4.701004510897331	18.3465213657537
8	PyBDEI (psi)					0.057261927842139786	0.41372954580568094	0.21185512479887966	0.9654575595318121	1.952889014124377	4.720206796740602	17.463610424657883
8	PyBDEI (p)					0.05718912670932001	0.413007360199086	0.2118519099411784	0.969111940083884	1.949509732122591	4.720278425989429	17.485841409727836
8	PyBDEI (lambda)					0.05690882315643275	0.4189545259980157	0.21361092154866074	0.962409944273254	1.9612973108333205	4.6814085756949435	17.571967658708537
9	PyBDEI (lambda)					0.040415504105242916	0.1952277932119866	0.16489724614918605	0.4917310059872873	1.183936043633863	6.0643826586120095	24.742979758361457
9	PyBDEI (mu)					0.04017473589310208	0.19974917023972635	0.16809344847815538	0.4865973026956594	1.1883221627503513	5.949071835062955	24.891265064214096
9	real	0.0		34.0	0.0	0.04017473589310208	0.1952277932119866	0.16539045395073124	0.488340826384015	1.18040544994298	6.04629817569697	24.891265064214096
9	PyBDEI (p)					0.04044520192844988	0.1985708166445413	0.16726672523133598	0.488340826384015	1.1871507400525156	5.978475387839175	24.72481165427393
9	PyBDEI (psi)					0.04044609262417684	0.19705801073630327	0.16539045395073124	0.4888894105772154	1.1914714908213844	6.04629817569697	24.7242671694384
10	PyBDEI (mu)					0.08182652247933321	0.23347486387936825	0.10246078215967312	0.0995512014566038	2.278675401047837	9.759831800245456	12.220976398606801
10	real	0.0		36.0	0.0	0.08182652247933321	0.2376218173182295	0.10479807680327913	0.09722937388652401	2.267425362817291	9.542159842085098	12.220976398606801
10	PyBDEI (lambda)					0.0787242899296813	0.2376218173182295	0.1027679727688828	0.10146410628880112	2.312216646061731	9.730658035348448	12.702559793085813
10	PyBDEI (psi)					0.07987596842042198	0.2393139576327971	0.10479807680327913	0.0988675297946879	2.2835720361741307	9.542159842085098	12.519410027513722
10	PyBDEI (p)					0.08092131282808293	0.2388209227176785	0.10500598150869164	0.09722937388652401	2.274355415628496	9.523267014243633	12.357683841888434
11	PyBDEI (mu)					0.17693830377963493	0.5357621035012037	0.12041550274452426	0.9589515466617512	4.449278467390418	8.304578540203568	5.65168750145494
11	PyBDEI (p)					0.18417951863910853	0.5191366362005282	0.11671631336675438	0.9794623100045532	4.447849843999611	8.567782610282832	5.429485359658557
11	PyBDEI (psi)					0.1851647585909502	0.5191920014090905	0.11629346656877736	0.9745060358208876	4.464498451441673	8.59893534439089	5.400595705196325
11	PyBDEI (lambda)					0.1863489023824889	0.5313673599444807	0.12412182285559045	0.9118114229801492	4.2810147943339505	8.05660098275748	5.366277918543669
11	real	0.0		29.0	0.0	0.17693830377963493	0.5313673599444807	0.11629346656877736	0.9794623100045532	4.569193572282272	8.59893534439089	5.65168750145494
12	PyBDEI (lambda)					1.0820476408056672	1.2514811116154159	0.5663123770914029	0.8678861439536537	2.2098777322209697	1.7658098965380724	0.9241737260805112
12	PyBDEI (psi)					1.0824457718020797	1.228144999025635	0.5541087076859079	0.8929907614075246	2.2164333135183267	1.8047000275022604	0.923833808630596
12	PyBDEI (p)					1.0975198135027375	1.2439762645721102	0.5674004526148514	0.859900914773923	2.192413239783781	1.7624236910484017	0.9111452820231984
12	PyBDEI (mu)					1.0078753755368204	1.212571781394244	0.5260747838303286	0.9793305186380404	2.3049418422330747	1.900870428951264	0.992186161376722
12	real	0.0		43.0	0.0	1.0078753755368204	1.2514811116154159	0.5541087076859079	0.859900914773923	2.2585479965509005	1.8047000275022604	0.992186161376722
13	PyBDEI (p)					0.05720248919060355	0.3450415701317836	0.10083781941590826	0.82375001633051	3.4217476352661937	9.916914167644515	17.481756723346688
13	PyBDEI (lambda)					0.056807513846003015	0.3459652947103291	0.10048374344613674	0.8286958114837238	3.442997671516689	9.95185853656059	17.603305131621426
13	real	0.0		21.0	0.0	0.055411898983305966	0.3459652947103291	0.10551883235594836	0.82375001633051	3.2787066250248	9.476981290189832	18.046665397648106
13	PyBDEI (mu)					0.055411898983305966	0.3479779005649286	0.09961426321433564	0.841083581720379	3.493253770458552	10.03872304760558	18.046665397648106
13	PyBDEI (psi)					0.05761650027613819	0.3505186058310996	0.10551883235594836	0.7960173852489052	3.3218582693247547	9.476981290189832	17.35613921719138
14	real	0.0		18.0	0.0	0.16455275296236402	0.2933530217922129	0.12340278961128565	0.014676794147326	2.3771992733411	8.103544523993047	6.077078517359821
14	PyBDEI (lambda)					0.15075209215060956	0.2933530217922129	0.11648200210071365	0.016106062219202372	2.5184407591017504	8.585017272757483	6.6334071105357895
14	PyBDEI (mu)					0.16455275296236402	0.3435793415560917	0.15529775179297325	0.011050058398139209	2.2123909560140693	6.439243250173357	6.077078517359822
14	PyBDEI (psi)					0.15904902276641628	0.298310360545296	0.12340278961128565	0.014692751861482403	2.4173712886472254	8.103544523993047	6.287369658778899
14	PyBDEI (p)					0.16003296635824438	0.2967230976513653	0.12264092871463445	0.014676794147326	2.4194459448508567	8.15388476327375	6.248712516903759
15	real	0.0		19.0	0.0	0.13900879634992494	1.152667875605596	0.29923404176890217	0.025057708098227	3.8520613122480194	3.34186576530052	7.193789359075621
15	PyBDEI (lambda)					0.12496986003103308	1.152667875605596	0.2662351573260705	0.03004826543672118	4.329510374145928	3.75607793517388	8.001929423235936
15	PyBDEI (p)					0.1385377588437704	1.1777617555335762	0.3038573230819075	0.025057708098227	3.876035448440056	3.291018264287285	7.218248716782722
15	PyBDEI (mu)					0.13900879634992494	1.1301257564556821	0.28674602338170113	0.026891821853058127	3.9412081225318976	3.487406689050585	7.1937893590756214
15	PyBDEI (psi)					0.13647485343693208	1.176084445008717	0.29923404176890217	0.025686090116799197	3.930316343877092	3.34186576530052	7.327357200366008
16	PyBDEI (mu)					0.13542830635455294	2.247422853705398	0.5549846262615047	0.12654891646409916	4.049522720736465	1.8018517138685701	7.383980697373472
16	PyBDEI (lambda)					0.14420043069043958	2.229957450884843	0.5810763631770894	0.11894936348183037	3.837632352987723	1.7209442052201305	6.934792047512932
16	PyBDEI (p)					0.13713597312608092	2.1943901478937984	0.5449394307023745	0.129623054853193	4.026851470566997	1.8350663278505948	7.292032697216607
16	PyBDEI (psi)					0.14068401022660584	2.2029042524078952	0.558194370222384	0.12416847797085626	3.9464823902295176	1.7914906587137398	7.108128339455612
16	real	0.0		31.0	0.0	0.13542830635455294	2.229957450884843	0.558194370222384	0.129623054853193	3.9949479425892997	1.7914906587137398	7.383980697373472
17	PyBDEI (lambda)					0.04732277671428861	0.17804350417937928	0.10640693780456503	0.7493331341279502	1.6732321017111436	9.397883452267699	21.131473455953408
17	real	0.0		35.0	0.0	0.04589083049938593	0.17804350417937928	0.10629174696085812	0.758180898887686	1.6750454223406799	9.408068157617633	21.790845559297104
17	PyBDEI (mu)					0.04589083049938593	0.18399671510684332	0.10828787681109253	0.7447703329110708	1.6991441750014582	9.234644075111873	21.790845559297104
17	PyBDEI (psi)					0.04699170297600652	0.18081465800619784	0.10629174696085812	0.7465126569456927	1.7011166264186324	9.408068157617633	21.280352416906236
17	PyBDEI (p)					0.046616696190873004	0.1802395766271455	0.10639771828909768	0.758180898887686	1.6940173109484264	9.398697792398687	21.45154165163228
18	PyBDEI (mu)					0.11441676995950904	1.1159320610616923	0.3177800020128739	0.6963399778738526	3.511649738791568	3.1468311211083955	8.739977543098709
18	PyBDEI (p)					0.1153293721222679	1.1684179922470033	0.33971897190088424	0.638127425862025	3.4393663259639755	2.9436095205532355	8.670818037055101
18	PyBDEI (lambda)					0.10650970806229597	1.1752395018773178	0.3188784511964735	0.7014750807454277	3.685540673782333	3.1359911472470765	9.388815519192999
18	real	0.0		21.0	0.0	0.11441676995950904	1.1752395018773178	0.35080214809420524	0.638127425862025	3.350149103310839	2.8506096825024505	8.739977543098709
18	PyBDEI (psi)					0.11366936948982305	1.180495747668316	0.35080214809420524	0.6459183086783694	3.365132608456271	2.8506096825024505	8.797444768878842
19	PyBDEI (psi)					0.06575096002631008	0.728126501888899	0.16749359872269595	0.5574290642050223	4.3471900266134496	5.970377421143179	15.208903407643822
19	real	0.0		19.0	0.0	0.06327962770624318	0.7341348163315163	0.16749359872269595	0.5576676637930279	4.38306193150078	5.970377421143179	15.802874262190702
19	PyBDEI (p)					0.06618725836305951	0.7223288293013611	0.16369884517957348	0.5576676637930279	4.412546884548787	6.108778586086086	15.108648170840702
19	PyBDEI (lambda)					0.062100470876234125	0.7341348163315163	0.1568786344908659	0.5945419299392835	4.679635431007405	6.3743543105496885	16.102937480023208
19	PyBDEI (mu)					0.06327962770624318	0.7139396846027593	0.15406888232826216	0.6052405389789044	4.633899291108151	6.490603325526699	15.802874262190702
20	real	0.0		25.0	0.0	0.04962716998629898	0.4778842627671259	0.21345273565805406	0.5988352752009151	2.2388294124872896	4.684877881359061	20.150252377398893
20	PyBDEI (lambda)					0.05060130037812463	0.4778842627671259	0.21218825983392092	0.6002506257564768	2.252171082137929	4.712796083924231	19.762337974071286
20	PyBDEI (p)					0.05093048821516137	0.4754497571277895	0.2120855967682909	0.5988352752009151	2.2417823952808584	4.715077380254758	19.634604635545443
20	PyBDEI (psi)					0.05089965291280888	0.4771686618557736	0.21345273565805406	0.5980002514642527	2.235476909605816	4.6848778813590615	19.646499391911377
20	PyBDEI (mu)					0.04962716998629898	0.4762470869342125	0.20942846666023154	0.6110452092338357	2.2740322484758337	4.774900069446434	20.150252377398893
21	PyBDEI (lambda)					0.029841488985170844	0.5649532010334002	0.11603413632906626	0.22812075359505635	4.86885341595705	8.618153516169214	33.510392209213514
21	PyBDEI (p)					0.02971967592845675	0.562394983985594	0.11476237541260732	0.23075669136252305	4.900517107315046	8.713657210428778	33.64774240497335
21	real	0.0		34.0	0.0	0.029470472137533992	0.5649532010334002	0.11657410659714855	0.23075669136252305	4.84630092843636	8.57823430254331	33.9322694028504
21	PyBDEI (psi)					0.030103199020654555	0.5631799972139291	0.11657410659714855	0.2266529252206211	4.831089970606771	8.57823430254331	33.21906084844588
21	PyBDEI (mu)					0.029470472137533992	0.5684908195108903	0.11566390971121712	0.2295520938112593	4.9150233718561385	8.645739215428058	33.9322694028504
22	PyBDEI (psi)					0.6097221216434076	0.19740589791597604	0.16482425165047376	0.375975165590008	1.1976750747492846	6.067068346960249	1.640091386720005
22	PyBDEI (p)					0.6626276216817234	0.19732459885684644	0.16506127995622447	0.36006054874133797	1.195462672464302	6.0583560255028175	1.509143246190128
22	PyBDEI (lambda)					0.6124601059568132	0.1900801378953291	0.15723868338639313	0.4008859744667101	1.2088637083549756	6.359758161689977	1.6327594079580974
22	real	0.0		38.0	0.0	0.6634482255057563	0.1900801378953291	0.16482425165047376	0.36006054874133797	1.1532291880105905	6.067068346960249	1.5072766216801399
22	PyBDEI (mu)					0.6634482255057563	0.11375491554819753	0.08489313189770609	1.0	1.3399778404367162	11.779515935458393	1.50727662168014
23	PyBDEI (psi)					0.030726429079008542	0.4803435499149472	0.11602987452985593	0.35299048360108704	4.139826504693399	8.61847006257589	32.545272261499875
23	PyBDEI (lambda)					0.029307196925544038	0.4675801429899098	0.10590930312819308	0.38733534363638333	4.414910958520318	9.442041166011595	34.12131165394409
23	PyBDEI (mu)					0.031543095471824045	0.4569714672724845	0.10977817315000198	0.3676480704305706	4.1626805598966765	9.109278933195492	31.70265901433969
23	PyBDEI (p)					0.03050154643309437	0.4747461747268577	0.11194278279283214	0.359062840569089	4.240971707889831	8.933135080719394	32.785222945778045
23	real	0.0		17.0	0.0	0.031543095471824045	0.4675801429899098	0.11602987452985593	0.359062840569089	4.029825464213491	8.61847006257589	31.70265901433969
24	PyBDEI (psi)					0.24227503509124346	0.6790509674987318	0.17418175049273785	0.777419538399173	3.8985195956395184	5.741129579712732	4.1275404196036485
24	PyBDEI (lambda)					0.2419027256695607	0.6913692453613679	0.17954310818098124	0.7519737209081829	3.850714473899276	5.569693039913234	4.1338930647933285
24	PyBDEI (mu)					0.24134817264200906	0.6806507199191881	0.17449500184871333	0.7773630163146927	3.900688917779493	5.730823172041322	4.1433916364608105
24	real	0.0		25.0	0.0	0.24134817264200906	0.6913692453613679	0.17418175049273785	0.7447356683104871	3.969240425047819	5.741129579712732	4.14339163646081
24	PyBDEI (p)					0.2449888133261793	0.6874214155849718	0.18039693796199247	0.7447356683104871	3.8106046773909408	5.54333134086061	4.081819028481903
25	PyBDEI (mu)					0.12219550955630805	0.20255406860030672	0.17415137710381265	0.305199446817691	1.1630919718743484	5.742130878493682	8.183606775985472
25	PyBDEI (psi)					0.12078833789469445	0.2040319222013504	0.17535788562123167	0.3061795500008515	1.1635172349309335	5.70262350311393	8.27894494973363
25	real	0.0		21.0	0.0	0.12219550955630805	0.19999607051410206	0.17535788562123167	0.305363243821061	1.1405022922441492	5.70262350311393	8.183606775985472
25	PyBDEI (p)					0.12120943832276825	0.20348136964303373	0.17483889774427425	0.305363243821061	1.1638220800308008	5.719551043284638	8.250182608198406
25	PyBDEI (lambda)					0.11939377538199936	0.19999607051410206	0.1714368122634254	0.3158957233632357	1.1665876650039042	5.833052929515661	8.375646023425501
26	PyBDEI (mu)					0.08084575140384305	0.4531494526743624	0.19484454371456372	0.2696461971684929	2.3256974202890732	5.1322966552501645	12.369233789476096
26	PyBDEI (psi)					0.08315420871398513	0.4607610386845961	0.2023409901590217	0.2567258711715281	2.2771512500876843	4.94215234992223	12.025849508586775
26	real	0.0		25.0	0.0	0.08084575140384305	0.469349431171597	0.2023409901590217	0.25997681994349	2.3195963941993702	4.94215234992223	12.369233789476096
26	PyBDEI (p)					0.0827558485972444	0.457274878456978	0.19962852866975905	0.25997681994349	2.2906289071209733	5.009304064221589	12.08373809163378
26	PyBDEI (lambda)					0.08292350350549715	0.469349431171597	0.20607930247890044	0.25222166128073525	2.2775185354659846	4.8525008963594765	12.059307165352802
27	PyBDEI (p)					0.10081393978423743	0.24510871475742266	0.12080619912648966	0.05227976387643	2.0289415322204003	8.277720905306806	9.919263170750057
27	PyBDEI (psi)					0.09855729102945336	0.24745112609710485	0.12146732181143023	0.05336537626816915	2.037182695780977	8.23266690239892	10.146382774473324
27	PyBDEI (lambda)					0.09459997184685902	0.24421598767049896	0.11680201329428172	0.0568177640627178	2.0908542651161217	8.561496260175826	10.570827670211433
27	real	0.0		29.0	0.0	0.101451189975639	0.24421598767049896	0.12146732181143023	0.05227976387643	2.0105488787315795	8.23266690239892	9.856956830571681
27	PyBDEI (mu)					0.101451189975639	0.22987537979605446	0.11114563428051104	0.05716917464144194	2.06823579967065	8.997204491866812	9.85695683057168
28	PyBDEI (p)					0.1653569347262733	0.5822332830503995	0.1992223842636676	0.611773575618017	2.9225294396628807	5.019516274218043	6.047523810569958
28	PyBDEI (mu)					0.16079014966673186	0.5697982340853447	0.1889819823372405	0.6565413963314805	3.0150929048280024	5.291509738825201	6.219286455499233
28	real	0.0		29.0	0.0	0.16079014966673186	0.5863806506924701	0.1957255557445179	0.611773575618017	2.9959329963935697	5.109194842728192	6.219286455499233
28	PyBDEI (lambda)					0.1615098952793925	0.5863806506924701	0.19704176846133506	0.6257025467747969	2.9759205638043897	5.075066103034024	6.191571100149138
28	PyBDEI (psi)					0.16335981250928874	0.5773262352311885	0.1957255557445179	0.6304162325275364	2.9496722236148707	5.109194842728192	6.121456584942759
29	PyBDEI (p)					0.03006861242119002	0.4243814188953943	0.14040981569582184	0.158022100106939	3.022448372233157	7.1220092060113505	33.257271269866706
29	real	0.0		23.0	0.0	0.030004014838639008	0.4082159030659852	0.13357117620546866	0.158022100106939	3.0561676153696404	7.486645161091709	33.32887299842971
29	PyBDEI (psi)					0.029309254590629	0.415186808302788	0.13357117620546866	0.1654477141289254	3.1083563093291797	7.486645161091709	34.11891615693729
29	PyBDEI (mu)					0.030004014838639008	0.4259860711819837	0.1408336273261642	0.15758910604879026	3.0247468539272906	7.100576893358332	33.328872998429716
29	PyBDEI (lambda)					0.03065823999041529	0.4082159030659852	0.13618290627038174	0.16127499306328555	2.9975561121856273	7.34306549468528	32.617658427640684
30	PyBDEI (psi)					0.1893972952045849	1.2748689935998851	0.7191845017329399	0.5995422121956167	1.7726591584328824	1.3904637788918002	5.2799064470261365
30	PyBDEI (p)					0.18924267888362173	1.2717833379511092	0.7156243196843103	0.600737301602517	1.7771661791932143	1.3973812410974782	5.284220271553905
30	PyBDEI (lambda)					0.18877509876093565	1.2371243973738468	0.6976313516998504	0.6161951604880199	1.7733211019823956	1.4334218173586917	5.297308842976149
30	PyBDEI (mu)					0.1923527847873552	1.271130842168788	0.7202495216925651	0.5944261081248958	1.7648478810255483	1.3884077252144915	5.198780985185599
30	real	0.0		33.0	0.0	0.1923527847873552	1.2371243973738468	0.7191845017329399	0.600737301602517	1.72017666453168	1.3904637788918002	5.198780985185599
31	PyBDEI (psi)					0.13798136769169692	1.3891599322802608	0.2775524837643472	0.8214932535005588	5.005035132237229	3.60292218047322	7.247355325788495
31	real	0.0		26.0	0.0	0.141030036025229	1.3415561957918247	0.2775524837643472	0.8219365221323579	4.83352257416964	3.6029221804732203	7.090688112857809
31	PyBDEI (lambda)					0.14373576300629706	1.3415561957918247	0.278992639476572	0.8193784678325116	4.8085720050133425	3.5843239516144068	6.957210780981418
31	PyBDEI (p)					0.13777642714829505	1.3897579771941433	0.2796622415941704	0.8219365221323579	4.969415854181987	3.5757419174632163	7.258135667313062
31	PyBDEI (mu)					0.141030036025229	1.3855343322835307	0.2851169282702751	0.8011339710099528	4.859530230944831	3.5073329600831533	7.090688112857809
32	real	0.0		26.0	0.0	0.23588156514006314	1.0073646368569718	0.5789556643538523	0.08444202266268201	1.7399685310640298	1.7272479769518403	4.2394156550818805
32	PyBDEI (p)					0.23945234366703744	1.0044376120029983	0.5748320930484336	0.08444202266268201	1.7473582706148032	1.7396384302359107	4.1761963348770434
32	PyBDEI (psi)					0.23813415361486706	1.0112610424967918	0.5789556643538523	0.08482250311383761	1.7466985898227931	1.7272479769518403	4.199313642415587
32	PyBDEI (mu)					0.23588156514006314	0.9793660924541407	0.5550721732584817	0.08832284709062116	1.7643941448278604	1.8015675225252692	4.2394156550818805
32	PyBDEI (lambda)					0.23468761640107846	1.0073646368569718	0.5723671007611539	0.08649592503240408	1.7599974483462495	1.7471304669156644	4.260983239486364
33	PyBDEI (psi)					0.17025530875048914	1.3721912073090576	0.4346021942934824	0.2323859923266233	3.1573499290305733	2.3009547883799	5.873531975825259
33	PyBDEI (lambda)					0.1658175014861581	1.3747831417572252	0.42484278201496295	0.2389193957241459	3.2359809321388093	2.353811909566066	6.0307264977302575
33	PyBDEI (mu)					0.167549028340629	1.345192223790746	0.41637703339618143	0.24305551224967165	3.230707065705998	2.4016694481045096	5.968402263527241
33	PyBDEI (p)					0.17393617346944626	1.3780887264481931	0.442424876340622	0.223869740549289	3.114853617288928	2.260270734031018	5.749235366360757
33	real	0.0		32.0	0.0	0.167549028340629	1.3747831417572252	0.4346021942934824	0.223869740549289	3.16331385301025	2.3009547883799	5.96840226352724
34	PyBDEI (psi)					0.1787229429319953	0.2781093051814981	0.26573029456229363	0.9290203216101199	1.046584867711809	3.76321413276263	5.59525253778136
34	PyBDEI (p)					0.17956584001429826	0.2752073059049342	0.26016591737138706	0.9312733345931579	1.0578146003347375	3.843701012429308	5.568987954058373
34	PyBDEI (mu)					0.17864185905425695	0.2700793746691099	0.2552726454416193	0.9560233758663478	1.0580035875049407	3.9173801731478495	5.597792170849951
34	real	0.0		39.0	0.0	0.17864185905425695	0.2696828284789141	0.26573029456229363	0.9312733345931579	1.01487423149525	3.76321413276263	5.597792170849951
34	PyBDEI (lambda)					0.17777177451222928	0.2696828284789141	0.25510682298207404	0.9582671468401074	1.0571368704547126	3.919926516705782	5.625189953488415
35	real	0.0		31.0	0.0	0.10207126433031696	0.1792889974537792	0.12026071523796665	0.350139560960445	1.4908359483727496	8.315267359097637	9.797076646017231
35	PyBDEI (mu)					0.10207126433031696	0.1771547135829568	0.11672835464718885	0.3600075102039355	1.5176665011548094	8.566898788409187	9.797076646017231
35	PyBDEI (lambda)					0.09896614723576223	0.1792889974537792	0.11729545479484105	0.3661145208567136	1.5285246795570184	8.52547954009879	10.10446529375089
35	PyBDEI (psi)					0.10064940585342667	0.1818569175532787	0.12026071523796665	0.3534223890271693	1.5121888905568888	8.315267359097637	9.935478421564415
35	PyBDEI (p)					0.10155572097614653	0.18133957137941728	0.11982579101563795	0.350139560960445	1.513360102548803	8.34544876794925	9.846811094324078
36	real	0.0		22.0	0.0	0.052300244692993034	0.4425895541035867	0.11258805211421714	0.344795403114044	3.931052592104472	8.881937125846449	19.120369433643887
36	PyBDEI (lambda)					0.05599212902809904	0.4425895541035867	0.11715453784881485	0.3293990539642458	3.7778268108977393	8.535734239253083	17.85965308620718
36	PyBDEI (p)					0.05512921735376653	0.4358576065307984	0.11305784053363628	0.344795403114044	3.855173639205719	8.845030077347761	18.139201824378482
36	PyBDEI (psi)					0.055254291653685284	0.43510397763052455	0.11258805211421714	0.3440279535070789	3.864566172520018	8.881937125846449	18.098141702144204
36	PyBDEI (mu)					0.052300244692993034	0.4466030524697428	0.11179743601665952	0.3533524093000437	3.99475219094642	8.944748964108488	19.12036943364389
37	PyBDEI (p)					0.2337327125043247	0.2705278590990119	0.18991805683838775	0.501978464893768	1.4244451717891136	5.265428767791984	4.2783912841532485
37	real	0.0		30.0	0.0	0.2259720048368999	0.2713654321747469	0.1974622196477748	0.501978464893768	1.3742650754093502	5.0642598963171785	4.42532693694412
37	PyBDEI (psi)					0.2327811022673075	0.2781949651980914	0.1974622196477748	0.4879680460843575	1.4088516056100475	5.0642598963171785	4.295881367773913
37	PyBDEI (lambda)					0.2264699136723333	0.2713654321747469	0.18864880608575216	0.5196341359649785	1.4384688554636018	5.300855175014679	4.415597567837838
37	PyBDEI (mu)					0.2259720048368999	0.25180928232887484	0.17321491928163224	0.5737032135815183	1.4537389929989522	5.773174759698891	4.42532693694412
38	real	0.0		34.0	0.0	0.05011361027517402	0.6417996914954104	0.2085611368640857	0.6273096415059279	3.0772736529224805	4.794757139493711	19.954658914195093
38	PyBDEI (psi)					0.049933332699662734	0.6527019656906312	0.2085611368640857	0.6304666955414548	3.129547409956733	4.794757139493711	20.02670252383844
38	PyBDEI (mu)					0.05011361027517402	0.6503004828575384	0.2076826144673593	0.6314311188581332	3.1312225364908612	4.815039537925146	19.954658914195093
38	PyBDEI (lambda)					0.05022062247698516	0.6417996914954104	0.20536945633290998	0.6385425934840423	3.12509806937909	4.86927324956721	19.91213869279049
38	PyBDEI (p)					0.05002951871042572	0.6532167055586808	0.20842704039939533	0.6273096415059279	3.1340305188183053	4.797841959871255	19.988199482550858
39	PyBDEI (mu)					0.024827203645465	0.17760187407047584	0.11095084843275456	0.934325099020302	1.6007256959203635	9.013000027720231	40.27839841651529
39	PyBDEI (psi)					0.025209480029182902	0.17695960558384669	0.11109818878748556	0.9316353514931116	1.5928216968716231	9.00104682996095	39.66761705685257
39	PyBDEI (lambda)					0.025309480273229847	0.1745867248044645	0.11043442727158052	0.9348380136468264	1.5809085003458254	9.055147246254997	39.51088640321518
39	PyBDEI (p)					0.02512581047226713	0.17601935986080594	0.11044043024048024	0.9395324424236692	1.5937945866158785	9.054655055422495	39.799711181605865
39	real	0.0		40.0	0.0	0.024827203645465	0.1745867248044645	0.11109818878748556	0.9395324424236692	1.5714632858544897	9.001046829960949	40.27839841651529
40	PyBDEI (mu)					0.10101353208345804	0.5082503607799156	0.1219530400848999	0.6042149731538269	4.167590741699326	8.199877586518804	9.899663731922507
40	PyBDEI (lambda)					0.1054773718552243	0.4931174510008712	0.12099110188061478	0.6023243894414088	4.075650550628456	8.265070608140483	9.480706453063467
40	real	0.0		24.0	0.0	0.10101353208345804	0.4931174510008712	0.11868218730664197	0.629964716453568	4.1549407050174425	8.42586425725603	9.899663731922507
40	PyBDEI (psi)					0.10371389093476176	0.4956378236338893	0.11868218730664197	0.6136239296936727	4.176177022700956	8.42586425725603	9.641909979339422
40	PyBDEI (p)					0.10252674717163586	0.4933006036384117	0.11719534502918193	0.629964716453568	4.209216701530072	8.532762113981555	9.753552390830665
41	PyBDEI (mu)					0.218092332313404	3.177185823751303	0.7782311162816032	0.06764421609803868	4.082573617631651	1.2849653259535687	4.585213929314009
41	real	0.0		33.0	0.0	0.218092332313404	3.2091423858191845	0.7891899301837478	0.063667672771548	4.06637523247667	1.2671220979304298	4.58521392931401
41	PyBDEI (psi)					0.21187045397641507	3.2678921808134294	0.7891899301837478	0.06748230360941543	4.14081839596276	1.2671220979304298	4.71986528197706
41	PyBDEI (p)					0.2187621889125212	3.2878893277612047	0.8155877772300071	0.063667672771548	4.031312655184599	1.2261095959484765	4.571173862224796
41	PyBDEI (lambda)					0.20444528471777398	3.2091423858191845	0.7425790892067154	0.07212816005543858	4.321616959679616	1.3466579042352014	4.891284244488434
42	PyBDEI (mu)					0.2466071196833712	2.6902680575185287	0.5889545356334454	0.32133364643807044	4.567870514190085	1.6979239304515379	4.05503296613634
42	PyBDEI (psi)					0.2644749731797969	2.6986167598988886	0.6368477290269376	0.29210740974350474	4.237459971824348	1.5702340676128903	3.7810760994771866
42	PyBDEI (p)					0.2705549093608133	2.7166273879013234	0.6537037391651688	0.279079521428259	4.1557470535057215	1.5297449595088424	3.696107390409225
42	real	0.0		34.0	0.0	0.2466071196833712	2.8955489207270437	0.6368477290269376	0.279079521428259	4.5466895597653405	1.5702340676128903	4.05503296613634
42	PyBDEI (lambda)					0.2458541518614976	2.8955489207270437	0.6516290777995192	0.28818954608907343	4.443553885755066	1.5346153725627034	4.0674521557941885
43	PyBDEI (lambda)					0.025305982578715663	0.5101451072539642	0.1038919553912856	0.7684040845151395	4.910342724156243	9.62538433542545	39.516347444302724
43	PyBDEI (mu)					0.025101839417242987	0.5029302894268548	0.1019791573173492	0.7852503294999191	4.9316968550915234	9.805925311660474	39.83771800058121
43	real	0.0		21.0	0.0	0.025101839417242987	0.5101451072539642	0.10614102454951582	0.776957855461345	4.80629529834599	9.42142780554648	39.83771800058121
43	PyBDEI (p)					0.0267288957422822	0.4830820760944216	0.10247912766217812	0.776957855461345	4.713955779238277	9.758084624768614	37.41269409862336
43	PyBDEI (psi)					0.02708688834202962	0.4868244765435236	0.10614102454951582	0.7562870593128272	4.586581659727764	9.42142780554648	36.91823096742865
44	PyBDEI (psi)					1.0086244077823008	2.048780584573572	0.8503840099849905	0.9366585282295656	2.4092416608465306	1.17593932653749	0.9914493366254504
44	real	0.0		26.0	0.0	1.0171827845877903	2.0787965886559667	0.8503840099849905	0.8341353021594431	2.444538660472529	1.17593932653749	0.983107476013022
44	PyBDEI (mu)					1.0171827845877903	1.9896090149199892	0.8037844834307992	0.9802235178738821	2.475301596303186	1.244114586203123	0.983107476013022
44	PyBDEI (lambda)					0.991198803089249	2.0787965886559667	0.8352851807175153	0.9464196751581604	2.488726768587307	1.197195907559372	1.0088793457814118
44	PyBDEI (p)					1.0566953977081983	2.1285558835415808	0.9094134797336116	0.8341353021594431	2.3405809689175543	1.099609827966178	0.9463465083399044
45	PyBDEI (lambda)					0.3262066804103493	0.5117192546458804	0.09651969582496714	0.10720017769453308	5.30170811534522	10.360579687418843	3.06554114324715
45	PyBDEI (p)					0.34181957711479805	0.5264946411558865	0.11090660152682194	0.09000617059791301	4.747189381946373	9.016595822370027	2.92551997296561
45	real	0.0		38.0	0.0	0.3605861590513078	0.5117192546458804	0.1071640303132273	0.09000617059791301	4.77510273876587	9.33148927935169	2.77326229778473
45	PyBDEI (mu)					0.3605861590513078	0.4964763426379473	0.0992270484627404	0.09963399524294916	5.003437574023713	10.077897261808593	2.77326229778473
45	PyBDEI (psi)					0.33221826514789216	0.5255191433780292	0.1071640303132273	0.09509412838954223	4.903876252526163	9.33148927935169	3.010069297528944
46	PyBDEI (p)					0.5325695113643402	0.5733423408773956	0.2586365847286945	0.539501293138565	2.216787472193163	3.8664290322615535	1.8776891629379855
46	PyBDEI (mu)					0.5087228651887722	0.5461508421038485	0.2342350865178503	0.6217268080333579	2.331635495872768	4.269215235283691	1.9657068090087304
46	PyBDEI (psi)					0.5290377746848206	0.5757115581698995	0.2607110029969161	0.5392978318949939	2.2082365207145074	3.83566473414944	1.8902241916387912
46	real	0.0		22.0	0.0	0.5087228651887722	0.5836956750750815	0.2607110029969161	0.539501293138565	2.2388609163610402	3.8356647341494403	1.9657068090087306
46	PyBDEI (lambda)					0.5240580454926088	0.5836956750750815	0.2633157495559646	0.5333583861166444	2.2167138732088034	3.797721942900578	1.9081855695202827
47	PyBDEI (p)					0.20680174694265627	0.4021075714233143	0.17950563318465415	0.434385290645901	2.2400833015066084	5.570855812482042	4.8355490936799885
47	PyBDEI (mu)					0.2166376585402171	0.4072197709374967	0.1869112083782488	0.4051790238314023	2.178680318161624	5.350133941546825	4.61600262271279
47	PyBDEI (psi)					0.2035783106063694	0.3957236799956734	0.1738321219851434	0.453823103404811	2.2764703984312757	5.752676712336661	4.912114640412547
47	real	0.0		31.0	0.0	0.2166376585402171	0.3863902700850797	0.1738321219851434	0.434385290645901	2.2227783085919106	5.752676712336661	4.61600262271279
47	PyBDEI (lambda)					0.20222446093110613	0.3863902700850797	0.16775460129994862	0.47430554408919795	2.3033065387828384	5.9610883531711885	4.945000201240147
48	PyBDEI (mu)					0.05767667825069811	0.8748646943840014	0.2195363460142514	0.5886522729192394	3.985056280053093	4.555054405137471	17.3380303847144
48	PyBDEI (psi)					0.05769190922003151	0.8703992380484387	0.2174979871765889	0.5928296066972203	4.00187261200607	4.5977436986030105	17.333453052941866
48	real	0.0		26.0	0.0	0.05767667825069811	0.8820970383435555	0.2174979871765889	0.566260800361252	4.05565609960046	4.5977436986030105	17.3380303847144
48	PyBDEI (lambda)					0.05744718146926605	0.8820970383435555	0.220832710796628	0.5855682383879441	3.994412943451604	4.528314652266043	17.407294395026064
48	PyBDEI (p)					0.059107246782832176	0.8802205789928479	0.22573955639125284	0.566260800361252	3.8992748681903375	4.429883782826238	16.918399256086687
49	PyBDEI (psi)					0.045502842195520095	0.1696495364061649	0.12106757480438787	0.2557133458572962	1.4012797124273133	8.25984993600249	21.976649188266602
49	PyBDEI (p)					0.04539497922222584	0.1686816292432481	0.12020327847161676	0.257488166109756	1.4033030661728447	8.319240645637858	22.02886788656993
49	PyBDEI (lambda)					0.04512804953788309	0.16741114593183976	0.11907113604053915	0.26095784205481404	1.4059758854979152	8.398340968709144	22.15916730814041
49	real	0.0		18.0	0.0	0.04536850292246408	0.16741114593183976	0.12106757480438787	0.257488166109756	1.3827909430112104	8.25984993600249	22.041723565554395
49	PyBDEI (mu)					0.04536850292246408	0.1687151232107438	0.12024234375857888	0.2577137962111043	1.4031257037827538	8.31653782470997	22.041723565554395
50	PyBDEI (lambda)					0.13243684288112606	0.6480428149757512	0.5311979321788852	0.30557142136183263	1.2199648675543366	1.8825374487023447	7.550768941974777
50	PyBDEI (mu)					0.138268211809818	0.6541731201413821	0.5407724043785948	0.2904051324621182	1.2097013731554902	1.8492067862617856	7.2323203353165315
50	PyBDEI (psi)					0.1339068040096299	0.659224104515913	0.5436417787985566	0.2983737231337325	1.212607511462405	1.8394465602146892	7.467880421730362
50	real	0.0		27.0	0.0	0.138268211809818	0.6480428149757512	0.5436417787985566	0.28866648045017795	1.19204012687899	1.8394465602146894	7.232320335316531
50	PyBDEI (p)					0.13617733123103504	0.6599869852421265	0.5440757730186363	0.28866648045017795	1.213042406906657	1.8379792844879104	7.343366116519237
51	real	0.0		29.0	0.0	0.23083118039168324	1.4158988741153629	0.4788558566758258	0.41069160617170297	2.9568373329385698	2.08831109833742	4.3321703692853
51	PyBDEI (lambda)					0.2374886334744561	1.4158988741153629	0.4774251001697224	0.408653325522181	2.965698438586529	2.094569388254837	4.2107278372442964
51	PyBDEI (mu)					0.23083118039168324	1.4344838975656986	0.4753575360026952	0.41429254284895134	3.0176946591156293	2.1036797026698033	4.3321703692853
51	PyBDEI (p)					0.23519834533450595	1.4241681688053818	0.4773224388372242	0.41069160617170297	2.9836606304843114	2.0950198830711546	4.251730591802296
51	PyBDEI (psi)					0.23619939375367344	1.4256454952580366	0.4788558566758258	0.4075422000460159	2.9771913100421057	2.08831109833742	4.2337111205411295
52	PyBDEI (mu)					0.157950507269514	0.8422794043700281	0.17770465858621995	0.07286330377585999	4.739771095879094	5.627314488859127	6.33109710938554
52	PyBDEI (psi)					0.17712975714304985	0.8740146115445299	0.21559957509482972	0.056808322758409774	4.053879100457881	4.6382280649679295	5.6455787899737295
52	real	0.0		21.0	0.0	0.157950507269514	0.9219938597309056	0.21559957509482972	0.06056769338979099	4.276417795931992	4.63822806496793	6.33109710938554
52	PyBDEI (lambda)					0.18063383455212004	0.9219938597309056	0.24131283500763875	0.050040174175254526	3.8207410712394134	4.143998391002887	5.536061405547256
52	PyBDEI (p)					0.17321012368959027	0.8601014733433765	0.2044575214103312	0.06056769338979099	4.206748998082669	4.8909915032818665	5.7733345990335945
53	real	0.0		30.0	0.0	0.13756376622846495	0.5610734557865708	0.12890198043790418	0.117591641176865	4.35271400703464	7.757832708254851	7.26935607694258
53	PyBDEI (psi)					0.134323218722024	0.5750960813146019	0.12890198043790418	0.11585195904722866	4.461499190011611	7.757832708254851	7.444729284439322
53	PyBDEI (p)					0.1338766151952639	0.5723974027221334	0.12712722427200274	0.117591641176865	4.502555656351198	7.866135721333687	7.469564408552335
53	PyBDEI (lambda)					0.13236942480754915	0.5610734557865708	0.12058439193991452	0.12509790461529538	4.652952565089398	8.292947237303196	7.554614681252049
53	PyBDEI (mu)					0.13756376622846495	0.5676712957771989	0.12878676064471153	0.1148510147225594	4.407838918654481	7.764773296524901	7.26935607694258
54	PyBDEI (mu)					0.08871509305463961	0.2978854103003305	0.14722235409385426	0.5526598246021408	2.0233707858687584	6.792446745977856	11.2720391262409
54	real	0.0		29.0	0.0	0.08871509305463961	0.284023547835042	0.1438108095894452	0.571322235379891	1.97498052229787	6.95358021316218	11.2720391262409
54	PyBDEI (psi)					0.08760429632425751	0.2941720852916094	0.1438108095894452	0.5685890852730388	2.045549191548392	6.95358021316218	11.414965269495596
54	PyBDEI (p)					0.0873492460859582	0.29410285483732146	0.14388015255439426	0.571322235379891	2.044082172668917	6.9502289387825575	11.44829571872807
54	PyBDEI (lambda)					0.08750965581413182	0.284023547835042	0.138751775967901	0.5920434714160806	2.046990359970227	7.207114957803071	11.427310400168563
55	real	0.0		31.0	0.0	0.2599024943443348	2.242600085634396	0.5056134603067169	0.8474586090916709	4.43540423997807	1.97779544752107	3.84759677864091
55	PyBDEI (p)					0.2597806116191416	2.2807824713197284	0.5389949305050499	0.8474586090916709	4.231547167210992	1.8553050194052445	3.8494019771809502
55	PyBDEI (psi)					0.2582317012169404	2.240129475790591	0.5056134603067169	0.8829798554090651	4.430517879076391	1.97779544752107	3.872491236697156
55	PyBDEI (lambda)					0.2652323700117006	2.242600085634396	0.5387924668637076	0.8454954257173454	4.1622706766642334	1.85600219286837	3.7702788688872535
55	PyBDEI (mu)					0.2599024943443348	2.293087114990687	0.5438933497787715	0.8390601539319098	4.216060218282498	1.8385957475059216	3.84759677864091
56	PyBDEI (mu)					0.052012893997770114	0.18506803695790766	0.11945639639477927	0.060563236974955074	1.5492517985080945	8.371255371668854	19.2260019225785
56	PyBDEI (lambda)					0.05168837373363298	0.1824615783230152	0.117305407962107	0.06163343342265415	1.5554404651314582	8.52475616744821	19.346710445047574
56	PyBDEI (psi)					0.051734790849739434	0.1835137201380079	0.11805447065931254	0.06123515129793825	1.5544834440671114	8.4706660782534	19.329352328966394
56	real	0.0		33.0	0.0	0.052012893997770114	0.1824615783230152	0.11805447065931254	0.06207959311582401	1.5455711020853407	8.4706660782534	19.2260019225785
56	PyBDEI (p)					0.051334656068180586	0.1830985881459397	0.11752813375077162	0.06207959311582401	1.5579128358680132	8.508601030971741	19.48001752796085
57	PyBDEI (p)					0.1273188010885392	0.7898656603641728	0.1941718902973364	0.21952725295304398	4.0678682128223995	5.150076040711634	7.854299533535402
57	PyBDEI (mu)					0.122791979375173	0.7676019679085583	0.17859971152822704	0.2444400010392061	4.297890300831989	5.5991131869322945	8.14385438762776
57	PyBDEI (lambda)					0.11925026510753027	0.780403337014967	0.17811439978320753	0.2474319819941861	4.381472457953075	5.614369198768617	8.38572559229349
57	real	0.0		17.0	0.0	0.122791979375173	0.780403337014967	0.19255401671692676	0.21952725295304398	4.052906038113119	5.193347908551281	8.14385438762776
57	PyBDEI (psi)					0.1252990190898032	0.7901186681391486	0.19255401671692676	0.2253406987562773	4.103361132687772	5.1933479085512815	7.9809084481602275
58	real	0.0		36.0	0.0	0.9136373886066594	0.351275637310924	0.19289660605165185	0.331334667592652	1.8210565986674905	5.1841243890638	1.09452613528114
58	PyBDEI (p)					0.9401560424501624	0.3526585793862233	0.19348529317170607	0.331334667592652	1.8226634882955204	5.168351473166296	1.0636532180273786
58	PyBDEI (mu)					0.9136373886066594	0.27623281390652565	0.12563681616179365	0.5951837333181875	2.1986613665121557	7.959450347040089	1.09452613528114
58	PyBDEI (lambda)					0.8683833812009699	0.351275637310924	0.18920863802242446	0.3534023449559534	1.856551799021415	5.2851709649824885	1.151565105514807
58	PyBDEI (psi)					0.8921173921099369	0.3535162427232425	0.19289660605165185	0.34157106862648323	1.8326721758317592	5.1841243890638	1.1209287127951977
59	PyBDEI (p)					0.1881528578686112	1.766610227987077	0.5219986227634092	0.63595888224514	3.38431971072034	1.9157138666498743	5.314827589269512
59	real	0.0		37.0	0.0	0.1903061449480532	1.698200128591848	0.5084974514619977	0.63595888224514	3.33964334277251	1.9665781944921599	5.254691067768539
59	PyBDEI (mu)					0.1903061449480532	1.814749124281947	0.5454382620861211	0.6008961214307222	3.327139385750334	1.833388065177772	5.2546910677685394
59	PyBDEI (lambda)					0.20025786055198444	1.698200128591848	0.525870968977028	0.6185796815285088	3.22930952415065	1.9016071602988291	4.993561787006171
59	PyBDEI (psi)					0.1893437003903558	1.751033136492634	0.5084974514619977	0.635517235230459	3.443543584059628	1.96657819449216	5.281400954657453
60	PyBDEI (mu)					0.12300247803566698	0.277491125517606	0.16210726175038276	0.8585449779051036	1.711774799730406	6.1687551143749975	8.129917510361299
60	real	0.0		23.0	0.0	0.12300247803566698	0.2773905052899667	0.16309292888037394	0.880710646337615	1.7008125808656502	6.131473674946902	8.129917510361299
60	PyBDEI (p)					0.12451259055514158	0.2710005414779872	0.1579421961023617	0.880710646337615	1.715821029247642	6.331430261688294	8.031316315414227
60	PyBDEI (lambda)					0.1265585607586323	0.2773905052899667	0.16356562416274262	0.8404172889593938	1.6958973299546851	6.113754067327935	7.901480500455137
60	PyBDEI (psi)					0.12643992988762529	0.2771572200728267	0.16309292888037394	0.8424084101406308	1.6993821986980016	6.131473674946902	7.908893977470247
61	PyBDEI (p)					0.06764184669053715	0.8980796161631099	0.21060814420761997	0.7442083574994129	4.2642207381960135	4.748154463647845	14.783747767488089
61	PyBDEI (mu)					0.07004997879593602	0.8958908429865153	0.21635222976299945	0.7162243097604559	4.140890269390376	4.6220924142794315	14.2755218086949
61	PyBDEI (lambda)					0.07057173745913628	0.8778072703073908	0.21326647958110206	0.7274164389411575	4.116011442733893	4.688969414997609	14.169978464523965
61	real	0.0		22.0	0.0	0.07004997879593602	0.8778072703073908	0.2102390319427957	0.7442083574994129	4.1752821167205285	4.756490698987292	14.275521808694899
61	PyBDEI (psi)					0.06836004637085295	0.8967464710005013	0.2102390319427957	0.7343389212017819	4.265366248663562	4.756490698987292	14.628427759908242
62	PyBDEI (mu)					0.1688781216486009	1.2929124772468872	0.41981577559443467	0.12747630756751172	3.079713894543859	2.3819971952794248	5.9214301428623495
62	PyBDEI (lambda)					0.17304162733188588	1.2178507935885243	0.3947713339702506	0.13405048611706574	3.08495244915706	2.533111991549413	5.77895628594642
62	PyBDEI (psi)					0.16535061511532162	1.2464655022329074	0.3910850578661515	0.13698398539047146	3.1871979692446066	2.55698851154331	6.047754943654508
62	real	0.0		21.0	0.0	0.1688781216486009	1.2178507935885243	0.3910850578661515	0.137429473566679	3.11403048797976	2.55698851154331	5.9214301428623495
62	PyBDEI (p)					0.1644963739045931	1.2574781738969787	0.3966349097023525	0.137429473566679	3.1703668616578167	2.5212102503797054	6.079161359386522
63	real	0.0		18.0	0.0	0.021548245121064	0.4978410543960198	0.10492488597725393	0.07098842626741701	4.744737625961719	9.530627464458568	46.4074913934626
63	PyBDEI (psi)					0.02180442882964085	0.493055856204493	0.10492488597725393	0.06916119650855101	4.699131684654675	9.530627464458568	45.86224238263944
63	PyBDEI (mu)					0.021548245121064	0.5024835403587993	0.10679884268366688	0.06873413826407865	4.7049530475450165	9.36339734468802	46.4074913934626
63	PyBDEI (lambda)					0.022253280062019456	0.4978410543960198	0.1087919770922652	0.06696138491498926	4.576082425396192	9.191854277562324	44.93719564994553
63	PyBDEI (p)					0.021396473962708742	0.4959933301673906	0.10444674983178748	0.07098842626741701	4.748767491244991	9.574256753901006	46.73667267526741
64	real	0.0		33.0	0.0	0.037711049563551036	0.19818840296493948	0.18508160601107848	0.524067573402039	1.0708163130650403	5.4030220590377995	26.517426896718693
64	PyBDEI (mu)					0.037711049563551036	0.19680176658782314	0.18174052049644968	0.5245743552841172	1.0828722513297069	5.502350258865552	26.517426896718693
64	PyBDEI (lambda)					0.037435839535660057	0.19818840296493948	0.18262665420927415	0.5254778414164665	1.0852107203247172	5.475651976047743	26.71237008181519
64	PyBDEI (p)					0.03749919690738292	0.19705526714759225	0.1818959511980276	0.524067573402039	1.0833405903194675	5.497648482078164	26.6672377669805
64	PyBDEI (psi)					0.03760424891404788	0.199861338293128	0.18508160601107848	0.519906566832949	1.0798552195465865	5.4030220590378	26.592739620613152
65	PyBDEI (p)					0.5766459845866679	1.824628020118076	0.4845536050700711	0.7316640407464409	3.7655854812063936	2.063755154304116	1.7341662419045312
65	real	0.0		33.0	0.0	0.5433503868218993	1.8734368773331291	0.4508041590666495	0.7316640407464409	4.15576662205583	2.2182581502140803	1.8404330322631801
65	PyBDEI (lambda)					0.5845531879374829	1.8734368773331291	0.5136084704281175	0.6817040937560775	3.647597314295711	1.9470083878609936	1.7107083164294512
65	PyBDEI (mu)					0.5433503868218993	1.8674160779593603	0.4805280027751089	0.7522767030902889	3.8861753470657283	2.0810441727118416	1.84043303226318
65	PyBDEI (psi)					0.5713200756977969	1.7803660116250544	0.4508041590666495	0.7828723201190146	3.949311415651413	2.2182581502140803	1.750332331274415
66	PyBDEI (mu)					0.051294469765019016	0.4847087764047519	0.16113151806638829	0.6929708372088771	3.008156208179244	6.20611046181534	19.4952790150872
66	PyBDEI (psi)					0.05154540421746035	0.4859306844572031	0.16262423028674672	0.6876133218377837	2.9880583207089573	6.149145168814959	19.400371675837256
66	PyBDEI (lambda)					0.051242322180055234	0.4881489139098704	0.16206655181338556	0.6886172248124677	3.0120275186206116	6.170304660714124	19.515118703758205
66	PyBDEI (p)					0.052278640696215614	0.4893458065876348	0.16513099660042355	0.669291842439362	2.9633794784859893	6.0557982485853605	19.128270870906345
66	real	0.0		27.0	0.0	0.051294469765019016	0.4881489139098704	0.16262423028674672	0.669291842439362	3.0016985356311494	6.149145168814959	19.4952790150872
67	PyBDEI (psi)					0.0861506492120585	0.4569405334827947	0.3533654138431573	0.5287790476811968	1.293110518409732	2.82993173871808	11.607573583554958
67	PyBDEI (lambda)					0.08601389361879057	0.4541774390016771	0.3514372396044033	0.5316142719146393	1.2923429500895345	2.8454582705169607	11.626028748703687
67	PyBDEI (p)					0.08634660918401862	0.45752290549035796	0.3540442606648885	0.526703751306	1.292276012697222	2.8245056087677254	11.58123068699592
67	PyBDEI (mu)					0.08646411798231522	0.4569495544887116	0.35367122999611794	0.5272933214180308	1.2920178847844852	2.827484723625884	11.5654912504229
67	real	0.0		30.0	0.0	0.08646411798231522	0.4541774390016771	0.3533654138431573	0.526703751306	1.2852911496405408	2.8299317387180802	11.5654912504229
68	PyBDEI (lambda)					0.07129280069615998	0.9954866608963896	0.2415579562777197	0.18119304442260686	4.121108972092299	4.139793262906639	14.02666174193186
68	PyBDEI (p)					0.072964406171662	0.9892054288198784	0.2444985281955168	0.177217400892237	4.045854329351405	4.090004170496828	13.705312665018045
68	real	0.0		21.0	0.0	0.07226518535204789	0.9954866608963896	0.25075341189139755	0.177217400892237	3.9699825154424597	3.98798162887253	13.837922024670508
68	PyBDEI (mu)					0.07226518535204789	0.9828105087783108	0.2404667928558699	0.1814740311772472	4.0870945094168745	4.158578355554384	13.837922024670508
68	PyBDEI (psi)					0.07400812431852406	0.995096821935644	0.25075341189139755	0.1734970734509712	3.968427844828786	3.98798162887253	13.51203005356673
69	real	0.0		39.0	0.0	0.07909186716948975	1.1637631287452352	0.3132835616540037	0.35063685813030804	3.7147277137717087	3.1919963968758087	12.6435250018444
69	PyBDEI (mu)					0.07909186716948975	1.1530745783915055	0.29637797359988904	0.37029944468324977	3.8905542283926913	3.3740699008557313	12.6435250018444
69	PyBDEI (lambda)					0.07813509680087903	1.1637631287452352	0.29677331314131616	0.3707392532563564	3.921387393047298	3.369575213536214	12.798345953911323
69	PyBDEI (psi)					0.0807165236387038	1.180032078975677	0.3132835616540037	0.3513013480255805	3.7666581442882316	3.1919963968758087	12.38903702637284
69	PyBDEI (p)					0.08104032298592916	1.1707657456940057	0.3082973736608631	0.35063685813030804	3.797520983691172	3.2436215337339585	12.339536210555673
70	PyBDEI (mu)					0.2723032250249573	1.396663469642387	0.3727738235973733	0.6043130617767207	3.746677961891712	2.6825917934626307	3.6723766305314505
70	PyBDEI (lambda)					0.2814498411170714	1.3947535496365449	0.3825575023101204	0.5817505214686038	3.6458664154124665	2.61398611701869	3.5530309629275716
70	PyBDEI (p)					0.28191396228971183	1.3893912113729194	0.3809443136236137	0.584157405024765	3.647229166270445	2.6250555901145036	3.5471815297049374
70	real	0.0		19.0	0.0	0.2723032250249573	1.3947535496365449	0.3867177336222568	0.584157405024765	3.6066449205014486	2.5858653820535498	3.6723766305314505
70	PyBDEI (psi)					0.2830337230957015	1.3973898604808015	0.3867177336222568	0.5752416734124369	3.6134620654499447	2.5858653820535498	3.533147884507997
71	real	0.0		32.0	0.0	0.13067735491126306	0.4572430631637733	0.12148112555177235	0.4615968161577801	3.7639020966175294	8.23173143529876	7.652435272194281
71	PyBDEI (lambda)					0.12642551026830892	0.4572430631637733	0.1212388977807025	0.4929139182307481	3.7714221387168725	8.24817792231009	7.909796036240874
71	PyBDEI (psi)					0.12911739626048332	0.4501910613886021	0.12148112555177235	0.4909901932400469	3.70585191192307	8.23173143529876	7.744889758949176
71	PyBDEI (mu)					0.13067735491126306	0.4409947167381592	0.11759026778960108	0.5043172648315779	3.75026543461242	8.504105133847084	7.652435272194282
71	PyBDEI (p)					0.13236212602916886	0.4561375726611623	0.1264609076361338	0.4615968161577801	3.6069452701826856	7.9075820242987795	7.555031261583305
72	PyBDEI (p)					0.06798588280290155	0.2410380730508357	0.21624656163067907	0.319331660323189	1.1146446502233749	4.624350983706597	14.708936013953199
72	PyBDEI (lambda)					0.06800206132196394	0.2393875782371885	0.21489937907494716	0.3198123724362976	1.1139519307484878	4.6533405741076885	14.705436578832213
72	PyBDEI (psi)					0.06820332418147755	0.24150009345285195	0.21662403971064767	0.3169780373383924	1.114835148377032	4.616292823897731	14.662041945919945
72	real	0.0		39.0	0.0	0.06804497628753181	0.2393875782371885	0.21662403971064767	0.319331660323189	1.10508315954659	4.616292823897731	14.6961620763065
72	PyBDEI (mu)					0.06804497628753181	0.24188335648832676	0.2170301354776615	0.31744987165977473	1.114515069328809	4.607655051217199	14.6961620763065
73	real	0.0		30.0	0.0	0.0455061483669881	0.31819582649715866	0.13775130063337335	0.7415413138540641	2.30992974319742	7.259459586966162	21.9750525123642
73	PyBDEI (p)					0.04489979117931337	0.3264575853234925	0.13429898228638826	0.7415413138540641	2.430826948690737	7.446072806922187	22.271818503706736
73	PyBDEI (psi)					0.045271593134177474	0.3304946388504327	0.13775130063337335	0.7249946770269071	2.3992124744436927	7.259459586966162	22.088906768448954
73	PyBDEI (lambda)					0.045497086728939366	0.31819582649715866	0.1323243735675455	0.7498490130537624	2.4046652775932795	7.557186730149499	21.979429275499722
73	PyBDEI (mu)					0.0455061483669881	0.3267114167581556	0.13546811865339534	0.7321345897300172	2.411721813263456	7.381810642536268	21.9750525123642
74	PyBDEI (mu)					0.15730131081714605	1.1685047062835063	0.3365632275829151	0.3147687505680459	3.471872773134836	2.9712099185097154	6.35722610832178
74	PyBDEI (psi)					0.1539269328781799	1.1519819484003342	0.3226588412987172	0.3300426255955485	3.5702785758591093	3.0992487172362995	6.496588876953815
74	PyBDEI (lambda)					0.15707333042859667	1.1300656775237978	0.3212092363367921	0.3309515442699861	3.5181605934236253	3.1132355078092675	6.366453154532088
74	PyBDEI (p)					0.15418824596266084	1.156678747019533	0.3261959101479169	0.32800346569803995	3.5459633644548925	3.0656423605879666	6.485578675317223
74	real	0.0		26.0	0.0	0.15730131081714605	1.1300656775237978	0.3226588412987172	0.32800346569803995	3.5023546014584	3.0992487172362995	6.35722610832178
75	PyBDEI (mu)					0.05779730721915105	0.4956726983336436	0.12057488034434465	0.6236208638152089	4.110911799523028	8.293601429619027	17.3018441189359
75	PyBDEI (p)					0.059065025057412075	0.4964082488963752	0.12323542262590985	0.605017677164895	4.028129561443213	8.114550010799842	16.930493113784088
75	PyBDEI (psi)					0.059487710174140625	0.5024670340288925	0.1276256694048513	0.5884217137878459	3.9370374029927926	7.835414338379079	16.810194863319875
75	PyBDEI (lambda)					0.057369321670306186	0.5084298586916725	0.12368585916291767	0.6067452867029197	4.110654703234702	8.084998614779488	17.430919015338304
75	real	0.0		30.0	0.0	0.05779730721915105	0.5084298586916725	0.1276256694048513	0.605017677164895	3.9837586048527798	7.8354143383790795	17.3018441189359
76	PyBDEI (p)					0.17490656643627067	1.3130097273139891	0.44456404146387657	0.691824159284543	2.9534771255688232	2.249394702970496	5.717338235922448
76	PyBDEI (lambda)					0.17091877187167945	1.3058667507996935	0.4337958047262496	0.7178404126680212	3.010325910421774	2.305232067956624	5.850732421309282
76	real	0.0		35.0	0.0	0.17265877407994604	1.3058667507996935	0.4428951181050823	0.691824159284543	2.94847853908803	2.2578709024350494	5.7917705331150495
76	PyBDEI (mu)					0.17265877407994604	1.2927349038640692	0.43198761565829147	0.719507620119707	2.9925276952537483	2.3148811765729294	5.7917705331150495
76	PyBDEI (psi)					0.1729128613183721	1.3087294496299329	0.4428951181050823	0.7061528887471948	2.9549421434792627	2.2578709024350494	5.783259801356079
77	PyBDEI (p)					0.3138288874913846	3.2633146293862434	0.9384838674051682	0.362849399126009	3.477219739971709	1.0655484177526875	3.1864498134431702
77	real	0.0		35.0	0.0	0.30345948987953064	3.2322798643299904	0.8874256126725684	0.362849399126009	3.6423107674294704	1.1268550126566699	3.2953327654936304
77	PyBDEI (psi)					0.2988900819595101	3.2100108135897445	0.8874256126725684	0.3969686711198104	3.6172167759757183	1.12685501265667	3.3457115520329226
77	PyBDEI (lambda)					0.2914922283721221	3.2322798643299904	0.8712387526428435	0.4049656313135871	3.709981740969498	1.1477910009932042	3.4306231956324726
77	PyBDEI (mu)					0.30345948987953064	3.147696376704296	0.8714340468545508	0.4013744655553325	3.6120879004738615	1.1475337733354682	3.2953327654936304
78	PyBDEI (p)					0.025646276236046026	0.4890201525450161	0.10396779769024488	0.9070111542725501	4.703573254499167	9.61836282210514	38.99201547998976
78	PyBDEI (mu)					0.024982913692043	0.4918178539701552	0.10210929718992597	0.9278546550600136	4.816582500370767	9.793427508760283	40.0273567897926
78	real	0.0		23.0	0.0	0.024982913692043	0.4912263757093617	0.10267710145103404	0.9070111542725501	4.784186237898661	9.739269865120733	40.0273567897926
78	PyBDEI (psi)					0.025374413988965824	0.4875055942811609	0.10267710145103404	0.924324496291521	4.747948543460285	9.739269865120733	39.409777125684734
78	PyBDEI (lambda)					0.02512073001230574	0.4912263757093617	0.10231758673779484	0.9257866510310072	4.800996498951912	9.773490871737033	39.80776034415147
79	real	0.0		48.0	0.0	0.13422950669592504	0.2239345528162022	0.20157870289601468	0.176087602239528	1.1109038286238	4.96084152558445	7.44992680532855
79	PyBDEI (p)					0.13448652509137302	0.2268554700161433	0.20148585968976954	0.176087602239528	1.1259126092790617	4.963127444971639	7.435689183883506
79	PyBDEI (mu)					0.13422950669592504	0.2228567491818356	0.1977569451231869	0.18021236431153648	1.1269224908536766	5.056712417240665	7.44992680532855
79	PyBDEI (psi)					0.13239182249665718	0.22701480186233725	0.20157870289601468	0.17987456446367112	1.1261844560010088	4.96084152558445	7.553336612049807
79	PyBDEI (lambda)					0.13091774221682173	0.2239345528162022	0.19827721441793733	0.18441132671142416	1.1294013458560257	5.043443861845652	7.638384095746414
80	PyBDEI (lambda)					0.04499163979456433	0.8961836333111869	0.19318583033193829	0.8360297110973969	4.63897187372042	5.176363081504307	22.22635148587794
80	real	0.0		21.0	0.0	0.04653167385329602	0.8961836333111869	0.20769044028067613	0.7823454687341759	4.314997031640312	4.81485810636534	21.4907377532297
80	PyBDEI (mu)					0.04653167385329602	0.8751843752579741	0.1934538593668092	0.8326104316140499	4.523995427760016	5.1691912648994665	21.4907377532297
80	PyBDEI (psi)					0.046467181397746894	0.9016205013208272	0.20769044028067613	0.7977269938636413	4.3411747796497675	4.81485810636534	21.520565050853033
80	PyBDEI (p)					0.047254398922969766	0.8978915570169793	0.20290563597783492	0.7823454687341759	4.425168146216813	4.928399327997169	21.16205100037602
81	PyBDEI (mu)					0.033155856723351015	0.3955235205635199	0.1142689811695807	0.5330628393347615	3.461337595865529	8.751281316807678	30.160583945813702
81	real	0.0		34.0	0.0	0.033155856723351015	0.41106455860752616	0.11788032158965625	0.504524531724421	3.4871346893542596	8.48318011449799	30.160583945813705
81	PyBDEI (psi)					0.03431414827799843	0.3955939867214699	0.11788032158965625	0.5149561534629208	3.355895041570556	8.48318011449799	29.14249807101232
81	PyBDEI (lambda)					0.03298846390201576	0.41106455860752616	0.1186169568358436	0.5127703036637801	3.4654788790139563	8.430497853556638	30.31362730226717
81	PyBDEI (p)					0.034765540773048206	0.3959357403651321	0.118601786846251	0.504524531724421	3.338362354341272	8.431576172594653	28.764114630865873
82	PyBDEI (lambda)					0.0391116641380796	0.7315427809163592	0.15451466114647713	0.9275972788331818	4.734455458714495	6.4718777660329465	25.567820291911016
82	PyBDEI (psi)					0.03881678406520425	0.7451470718534049	0.1598195275157893	0.9118565609528242	4.662428199080919	6.25705766713148	25.762051753700277
82	PyBDEI (p)					0.039219207010178565	0.7431203352088095	0.15805171205869428	0.903842773768335	4.70175441650922	6.327043136544063	25.49771084714869
82	real	0.0		34.0	0.0	0.03847822854266194	0.7315427809163592	0.1598195275157893	0.903842773768335	4.57730536616739	6.25705766713148	25.9887223989865
82	PyBDEI (mu)					0.03847822854266194	0.7420846286027112	0.1547714819266478	0.926791724346232	4.794711657244542	6.461138625486178	25.9887223989865
83	real	0.0		38.0	0.0	0.06430333404620288	0.8110338513184452	0.20742622269937624	0.6175750552243111	3.9099870824619902	4.8209912275619295	15.5512931768279
83	PyBDEI (mu)					0.06430333404620288	0.7958961785068115	0.2021134120205907	0.6497475793925045	3.9378691921035314	4.947717175236856	15.551293176827901
83	PyBDEI (p)					0.06475714808695457	0.8158438651745716	0.21011102313724733	0.6175750552243111	3.882917959243154	4.759388560717191	15.442310687574144
83	PyBDEI (lambda)					0.06227711297117105	0.8110338513184452	0.20137136720331208	0.6554818922848576	4.027552986217723	4.9659492999834605	16.057263291297946
83	PyBDEI (psi)					0.06344845001121864	0.8127295234676121	0.20742622269937624	0.6389217716069429	3.918161903017944	4.8209912275619295	15.760826305814955
84	PyBDEI (lambda)					0.059780080794220834	0.4359138086073677	0.12774092136589185	0.8932333405055396	3.412483673565871	7.828344975966412	16.727980068181402
84	PyBDEI (mu)					0.060459993987390076	0.4391165661182381	0.12935206692959833	0.8790666068889302	3.3947394621628537	7.730838971009747	16.539862710018898
84	PyBDEI (psi)					0.058920589179038474	0.4415421684186779	0.1269856997489026	0.8948981867438178	3.4771015105777194	7.874902465217482	16.971995934415386
84	PyBDEI (p)					0.05896645577093367	0.4433031283077832	0.12870275459763594	0.887936182248978	3.4443950301893995	7.769841470186903	16.958794401425255
84	real	0.0		26.0	0.0	0.060459993987390076	0.4359138086073677	0.1269856997489026	0.887936182248978	3.4327787260245017	7.874902465217482	16.539862710018898
85	PyBDEI (lambda)					0.2100054721431358	0.5660064406372672	0.1501705961839448	0.7998317920345358	3.76908965550062	6.659093227379175	4.7617806802596965
85	PyBDEI (mu)					0.20972594639148107	0.5731384121479892	0.1530865250535469	0.7827369184780554	3.743885439606888	6.532253571306933	4.76812724989863
85	PyBDEI (psi)					0.20762422705396047	0.5643791317244816	0.14606259734590474	0.8221911252463098	3.8639538251392422	6.846379690426871	4.81639360776575
85	real	0.0		37.0	0.0	0.20972594639148107	0.5660064406372672	0.14606259734590474	0.8128307659723	3.875094999829789	6.846379690426871	4.76812724989863
85	PyBDEI (p)					0.2076048445242589	0.5668941113237146	0.14845231260386255	0.8128307659723	3.818695050150162	6.736169901700682	4.8168432788337405
86	PyBDEI (psi)					0.0754540027882071	0.36203925294343065	0.2491962288251991	0.1561909460602938	1.4528279767724186	4.01290181923844	13.253107364057465
86	PyBDEI (p)					0.07674930993881701	0.3692724723089719	0.25582003735799763	0.15070290584563598	1.4434853349356975	3.90899794374038	13.029433108873288
86	real	0.0		33.0	0.0	0.07631860064898215	0.36292398111624574	0.2491962288251991	0.15070290584563598	1.4563783040666398	4.01290181923844	13.102965613839999
86	PyBDEI (mu)					0.07631860064898215	0.3652829812781928	0.2524529268235346	0.15323376431328478	1.4469350222012944	3.961134507658148	13.10296561384
86	PyBDEI (lambda)					0.075667501254122	0.36292398111624574	0.2501899002216725	0.15542266805522303	1.4505940519369045	3.9969639026754593	13.215713264292905
87	PyBDEI (psi)					0.037707165746700466	0.1324362335985565	0.1073011420252733	0.12584540697670452	1.2342481272693535	9.31956530121985	26.520158176765218
87	real	0.0		33.0	0.0	0.03883141767375	0.1299655614952804	0.1073011420252733	0.124218461890226	1.2112225372649699	9.31956530121985	25.752343331930398
87	PyBDEI (mu)					0.03883141767375	0.13814193905875946	0.1127251490737603	0.11817951860772047	1.2254757717673803	8.871134864019231	25.752343331930398
87	PyBDEI (lambda)					0.037384033180093035	0.1299655614952804	0.10516184434648967	0.12886062873322965	1.2358623253797916	9.50915235667774	26.749387771582093
87	PyBDEI (p)					0.037856827448201284	0.13459300576205638	0.10926417535212901	0.124218461890226	1.2318127632254523	9.152130575069727	26.415314420319014
88	PyBDEI (lambda)					0.4767445250271264	1.9533979523420488	0.4518952093892602	0.31114720519428835	4.322679045396567	2.2129024145918867	2.0975594841767733
88	PyBDEI (p)					0.4993495320874508	1.9599479490654248	0.4779172287616784	0.287064654218774	4.101019655942947	2.0924125346790268	2.0026052609274707
88	PyBDEI (psi)					0.4862536084235274	1.9356280041802585	0.4558824400888929	0.30720877218932	4.245892874932468	2.19354796777215	2.0565400084990197
88	real	0.0		28.0	0.0	0.4951937247384661	1.9533979523420488	0.4558824400888929	0.287064654218774	4.28487210861018	2.19354796777215	2.0194116969639397
88	PyBDEI (mu)					0.4951937247384661	1.8978493990835008	0.44518028202019744	0.3121204550625973	4.263103007328157	2.246280979611381	2.01941169696394
89	PyBDEI (p)					0.058609618336145926	0.92808309439632	0.19317801974686827	0.7978862096114008	4.804289305856009	5.176572372521235	17.062045930151992
89	PyBDEI (psi)					0.05807729963593297	0.9317542648605432	0.19720893191169325	0.8031881100164185	4.724706207920474	5.0707642412859	17.218431405534748
89	real	0.0		28.0	0.0	0.05757583715002707	0.9349368955130328	0.19720893191169325	0.7978862096114008	4.740844577626339	5.0707642412859	17.368397048127502
89	PyBDEI (mu)					0.05757583715002707	0.9154810416880942	0.1861239570943264	0.8358698218581664	4.9186631102203275	5.37276348306525	17.368397048127502
89	PyBDEI (lambda)					0.05625496286892455	0.9349368955130328	0.18685531526564486	0.8342018473993283	5.003533852830836	5.351734300832379	17.776209404493336
90	PyBDEI (psi)					0.2915581233651499	1.4345747330323313	0.34928025440687704	0.572348967263271	4.107231127246012	2.86303043868921	3.429847841171592
90	PyBDEI (p)					0.28881515156923354	1.440330065787487	0.3534295370199076	0.575876588981556	4.075296246975412	2.829418300552716	3.4624222260039024
90	PyBDEI (mu)					0.27893264075157304	1.5052448009014636	0.3695574134200397	0.5522113103294369	4.0731013537823415	2.7059394932591925	3.585094943731
90	PyBDEI (lambda)					0.3024834344908649	1.4520394609171634	0.3761082525792379	0.5289254006556263	3.86069556027955	2.6588089815692664	3.3059661653312795
90	real	0.0		21.0	0.0	0.27893264075157304	1.4520394609171634	0.34928025440687704	0.575876588981556	4.15723317478371	2.86303043868921	3.5850949437310002
91	PyBDEI (mu)					0.024843419902197975	0.14577905808912486	0.11286979496271406	0.5774236678097828	1.2915683787436858	8.859766249512056	40.25210715500271
91	PyBDEI (psi)					0.02533034480693909	0.15271458992662926	0.12011065648701252	0.5490500896588711	1.2714491319356176	8.32565593468494	39.47834139731316
91	real	0.0		18.0	0.0	0.024843419902197975	0.15584505646256214	0.12011065648701252	0.5723858711868559	1.29751231922884	8.32565593468494	40.25210715500272
91	PyBDEI (p)					0.024931636817305654	0.14639836278938412	0.11347151597174747	0.5723858711868559	1.2901772002925815	8.812784348884378	40.10968101804996
91	PyBDEI (lambda)					0.025233275389695692	0.15584505646256214	0.11999383527756825	0.5457210775216981	1.2987755254431472	8.333761461051832	39.63020989373271
92	PyBDEI (lambda)					0.03730167834411283	0.4874823927574786	0.15815354192011266	0.02138234776747984	3.082336233757688	6.322969361667063	26.80844520653655
92	PyBDEI (mu)					0.033180261010920975	0.5195373837673077	0.15651855558577052	0.02272127014534313	3.319334131489648	6.389018837143628	30.1384006494361
92	PyBDEI (psi)					0.033439946593368894	0.4876491168357029	0.14465241205390025	0.023950306477498445	3.3711786060919304	6.913123575342669	29.904353979988084
92	PyBDEI (p)					0.033194924395383164	0.4953791141111849	0.148119214541666	0.024412580832832997	3.3444621998845028	6.751318544959606	30.125087440749912
92	real	0.0		28.0	0.0	0.033180261010920975	0.4874823927574786	0.14465241205390025	0.024412580832832997	3.37002602193618	6.913123575342669	30.1384006494361
93	PyBDEI (lambda)					0.02744865834816288	0.3371102327221689	0.10317244432321976	0.18502362147963186	3.2674444705997887	9.692510500838663	36.431653136406545
93	PyBDEI (p)					0.029287261125678633	0.3279752005371406	0.10481168816135007	0.176422734291013	3.1291853636804916	9.540920650572591	34.144537985602724
93	PyBDEI (psi)					0.029532897365835562	0.3337879353891737	0.10865812577242588	0.1730805917917223	3.071909560526203	9.20317733157302	33.86054499200023
93	PyBDEI (mu)					0.02858901755705904	0.32118323269722604	0.10038738381126233	0.1875333035739931	3.199438221251792	9.961411106002062	34.97846674878429
93	real	0.0		31.0	0.0	0.02858901755705904	0.3371102327221689	0.10865812577242588	0.176422734291013	3.10248525202997	9.20317733157302	34.97846674878429
94	PyBDEI (psi)					0.09416086165990463	1.1914107670817358	0.2589623324117321	0.7617836135463759	4.600710674738114	3.861565466633462	10.62012371564584
94	PyBDEI (mu)					0.09300458713634634	1.148297311769267	0.2330046450196681	0.8269369322970037	4.928216395309796	4.291759934294826	10.7521578321076
94	PyBDEI (lambda)					0.08864732695751426	1.1947246443977175	0.2342838876883584	0.8261283293723988	5.099474215601741	4.268325960725853	11.2806559917962
94	real	0.0		21.0	0.0	0.09300458713634634	1.1947246443977175	0.2589623324117321	0.7397061400763271	4.613507428942169	3.861565466633462	10.7521578321076
94	PyBDEI (p)					0.09664862133673058	1.1860366400346818	0.25463514146136496	0.7397061400763271	4.657788525291336	3.9271877175355514	10.346759076013406
95	real	0.0		29.0	0.0	0.020781772747787003	0.4360822781589954	0.10315203328090508	0.7234656189874109	4.22756841807907	9.694428390730659	48.1190903267137
95	PyBDEI (p)					0.02055812613678132	0.4465261698314397	0.10231125451567973	0.7234656189874109	4.364389547808813	9.77409577014565	48.642565637870185
95	PyBDEI (mu)					0.020781772747787003	0.4392493199743514	0.10116028608073813	0.7338116809536909	4.3421122754020045	9.885302214367792	48.1190903267137
95	PyBDEI (psi)					0.0205044165995371	0.4474076475160385	0.10315203328090508	0.7255113139524946	4.337361400309498	9.69442839073066	48.769980611034576
95	PyBDEI (lambda)					0.020740821164724168	0.4360822781589954	0.10043256500837004	0.7398069997017355	4.342040633161687	9.956929805752347	48.21409876002366
96	PyBDEI (p)					0.28297913174473144	1.3280385286257836	0.462014275370968	0.278416699249097	2.8744534518104516	2.1644352854618267	3.533829487123014
96	PyBDEI (psi)					0.27782505903362426	1.304556686926443	0.44347908067240055	0.292387082196527	2.9416419934588163	2.25489779243658	3.599387339206768
96	real	0.0		27.0	0.0	0.2913660436934683	1.297856679776292	0.44347908067240055	0.278416699249097	2.9265341621266305	2.25489779243658	3.4321089284242405
96	PyBDEI (lambda)					0.2807500570712629	1.297856679776292	0.4451190059454699	0.2907707286719911	2.9157521077302384	2.2465902076589983	3.561887076468767
96	PyBDEI (mu)					0.2913660436934683	1.3293545308976809	0.4722933604013853	0.2688886295126599	2.8146796935021694	2.117328092756027	3.4321089284242405
97	PyBDEI (lambda)					0.03578267318084923	0.3230127031716749	0.13807637422775507	0.5397148481264741	2.3393770656149324	7.242368620938103	27.94648669611405
97	PyBDEI (psi)					0.03748810495778815	0.33693750458147753	0.1515333977863592	0.4953606452766392	2.2235197620033054	6.5992052881296805	26.675128047310114
97	PyBDEI (p)					0.03811425632225272	0.3348841576469789	0.14895061583774402	0.48029474654307397	2.2482898493805314	6.713634545085246	26.236901791945964
97	PyBDEI (mu)					0.039147417533795935	0.3178741219589255	0.14283960061262188	0.5085732650915826	2.2253921223218325	7.000859675545998	25.5444691629199
97	real	0.0		27.0	0.0	0.039147417533795935	0.3230127031716749	0.1515333977863592	0.48029474654307397	2.13162713890358	6.5992052881296805	25.5444691629199
98	PyBDEI (mu)					0.022910359183603	0.11694974631171738	0.10243354642864656	0.3341299464058528	1.1417133389322076	9.762426810991872	43.6483772247317
98	PyBDEI (psi)					0.022693732667106302	0.12221421253615215	0.10751659766761283	0.32737216100097594	1.1367008925819708	9.3008895528065	44.06502952462561
98	PyBDEI (lambda)					0.022509043211752216	0.1211099935046648	0.10553742483888276	0.3326397242574222	1.1475549426144869	9.475311734454731	44.42658848679491
98	PyBDEI (p)					0.0229043549341267	0.12013951092839027	0.10522874522831953	0.32154396609581104	1.1416985983033272	9.503106758806783	43.6598194044764
98	real	0.0		32.0	0.0	0.022910359183603	0.1211099935046648	0.10751659766761283	0.32154396609581104	1.126430673328	9.3008895528065	43.6483772247317
99	PyBDEI (psi)					0.10966706713810034	0.18591236192816074	0.12284323312387455	0.9059216024808388	1.5134115018015488	8.14045653610895	9.118507735241344
99	PyBDEI (mu)					0.10557478287890998	0.1862984607716958	0.12218708614783788	0.9279461646666438	1.5246984492803732	8.184170942500991	9.47195885921887
99	real	0.0		33.0	0.0	0.10557478287890998	0.1896098780028855	0.12284323312387455	0.894496690411466	1.54351097069941	8.14045653610895	9.47195885921887
99	PyBDEI (lambda)					0.11000725809104203	0.1896098780028855	0.1254933167984752	0.8851201558765346	1.5109161415135166	7.968551836157625	9.09030928825078
99	PyBDEI (p)					0.11009990373292587	0.18727611352907814	0.12420483040912393	0.894496690411466	1.507800565502975	8.051216661268768	9.08266007594106
