	type	mu	lambda	psi	p	R_naught	infectious_time	incubation_period	mu_error	lambda_error	psi_error	p_error	R_naught_error	infectious_time_error	incubation_period_error
0	BEAST2	0.7809485230377046	1.3828551103396454	0.6093322386691236		2.26945994743363	1.64114080388091	1.28049413053531	0.0698439470382123	-0.02688551117040181	0.003916505859119752		-0.030681851378827937	-0.003901226681962122	-0.065284238165361
0	PyBDEI	0.7592281371335988	1.4117664612406144	0.6177168526730379		2.2854588718625632	1.6188646880406667	1.3171271599277323	0.040088562782597634	-0.006540607179368641	0.017730730447288828		-0.023848486540236954	-0.017421828698732822	-0.03854341276030099
0	PhyloDeep	0.7538443437118163	1.409438822375368	0.6644546237820815		2.1211965	1.50499366579465	1.32653379751601	0.03271314861061886	-0.008178565550855499	0.09473440247671695		-0.09400724759790431	-0.08653642587863393	-0.031676897553430276
1	BEAST2	0.2392625057739131	0.9975146615185512	0.3052142521634763		3.26824404315258	3.27638697377863	4.17950985159761	-0.05194704213268928	0.09969698305133232	0.13340042891317222		-0.0297365741198446	-0.11769929277430323	0.054793397037172065
1	PhyloDeep	0.2309088061998681	1.0154660675102036	0.3173068691218395		3.200265	3.15152332745756	4.33071400115606	-0.08504771356756878	0.11948727563760593	0.17830585895170967		-0.04991792484714642	-0.15132391780716517	0.0929531679724911
1	PyBDEI	0.236132981743379	1.0008342316927403	0.3045919199778953		3.2858200301747083	3.283081179804676	4.234901844786616	-0.0643474577526287	0.10335659974310674	0.13108942423018585		-0.024518684281708277	-0.1158966050092853	0.06877281346136299
2	PyBDEI	0.02788088073519	0.5130777792589883	0.1157992773459917		4.430751132634318	8.635632474735939	35.86687269666644	-0.07975140819587745	0.027868732902048686	-0.09302622817226142		0.1332948810974781	0.10256771591618809	0.08666289620669401
2	PhyloDeep	0.0290249254246067	0.5167145111489571	0.1151542840545206		4.4871497	8.68400171309773	34.4531462310742	-0.04199056683666243	0.035154339784196915	-0.09807800407083851		0.14772047300806626	0.10874333314135226	0.04383105779867747
2	BEAST2	0.0285959092892564	0.507670787401602	0.11733639298483		4.32662684174412	8.52250503498336	34.9700367938886	-0.05615086177738361	0.01703669516053886	-0.08098708940866498		0.10666203209934298	0.0881239952946409	0.05949135248787718
4	PyBDEI	0.0419164078220705	0.2974179903048438	0.1539213718065109		1.9322722167439967	6.496823594172902	23.85700616915608	-0.1038167095891607	0.13390997262667706	0.0797249070467519		0.0501841397065954	-0.0738381661166034	0.11584316590143719
4	BEAST2	0.0419376757961771	0.2978749156050028	0.1543378948510991		1.93001800298225	6.47929013781594	23.8449074970234	-0.10336199497964235	0.13565200630145471	0.08264672550719411		0.0489589813052166	-0.07633766727412959	0.11527728514842019
4	PhyloDeep	0.0426403497181075	0.2858134287972129	0.1510774592910639		1.8918337	6.61912110974419	23.4519652538249	-0.08833865065790152	0.08966743031114571	0.059775480009094675		0.028205927449646413	-0.05640390925876308	0.09689853663495833
5	PyBDEI	0.7121099177169313	0.2919889928268047	0.212123832820571		1.3765025313010877	4.714227471299131	1.4042775913107095	-0.22932044113271577	0.016268338309495214	0.03049012929973236		-0.01380099681294503	-0.029587987728181157	0.2975561483293555
5	PhyloDeep	0.7035399870295974	0.3132105483468131	0.2265404691275326		1.382581	4.41422234116167	1.42138331642254	-0.2385952317757287	0.09013000944945547	0.10052564211546794		-0.009446061289430265	-0.0913432983916977	0.31336188284212435
5	BEAST2	1.0814702670993803	0.2614399432678447	0.1892759852076369		1.3812631485238	5.28329042325678	0.924667122547999	0.17041907104507348	-0.0900576965579693	-0.08050391190632399		-0.01039023958378369	0.08755220707162205	-0.14560517276338056
6	BEAST2	0.7084038268033693	0.5286140175813017	0.117161549102208		4.51183875283311	8.53522343860127	1.41162422076747	0.42368811939373785	-0.14010985102895568	-0.12782301987299954		-0.014087543509997037	0.14655628706731752	-0.2975989710261548
6	PyBDEI	0.5107671139107356	0.5982103831253844	0.1087290311091858		5.501845983752588	9.19717567422999	1.957839439472537	0.02649512091580311	-0.02689826914664152	-0.19059658453118558		0.2022456444537335	0.23547786046935537	-0.025811248758946952
6	PhyloDeep	0.3826467915219244	0.7766959063957058	0.1721558463909822		4.511586	5.80869032892967	2.61337615303826	-0.23098990942477338	0.26344201334593603	0.2815669250455901		-0.014142774244122708	-0.21970520582495032	0.30037305395042424
7	PyBDEI	0.04727615419906	0.6018636814120826	0.1883581611203065		3.1953151264184685	5.309034628774532	21.15231276616578	-0.07190232195758404	-0.045979481715382624	-0.12393256277507035		0.08898068544427948	0.14146463789094205	0.07747279586911827
7	PhyloDeep	0.0465376064140124	0.5719003425201449	0.1859154766528774		3.0761309	5.37878835050994	21.4879981386172	-0.08640105807600697	-0.09347468865685628	-0.13529366498907508		0.04836205615596667	0.1564619796469578	0.09457219586315303
7	BEAST2	0.0466076776063965	0.6066955646634206	0.1879626372446401		3.22774554324743	5.32020626364411	21.455692524417	-0.0850254616035122	-0.03832041221825498	-0.1257721729414439		0.1000331469857584	0.14386658608731245	0.09292658761031755
8	BEAST2	0.0646608988373455	0.3748785271709514	0.1853432739011849		2.02261738060598	5.39539406503171	15.465296925666	0.18630256204819826	-0.10520473247560302	-0.1251414188014723		0.022788467478431218	0.14304188298642787	-0.15704472704378206
8	PhyloDeep	0.0682188688388885	0.3527991081376636	0.1779168198123505		1.9829441	5.62060406123886	14.6587009872838	0.2515789347002176	-0.15790596295089424	-0.1601958178672705		0.002726653385508291	0.1907537748388489	-0.2010092433846194
8	PyBDEI	0.0653128655506343	0.3734643089518704	0.1859521357758835		2.0083894567469964	5.377727961163282	15.310919090278484	0.19826388328331132	-0.10858032130761792	-0.12226746484224384		0.015593752067269411	0.13929922834667194	-0.1654592832590918
9	PhyloDeep	0.0402098160436962	0.1542896131935334	0.1429580173561914		1.0792652	6.99506063733676	24.8695492392528	0.0008731893269328715	-0.2096944259058483	-0.135633200458004		-0.08568263552821237	0.1569162542220179	-0.0008724275325229721
9	BEAST2	0.0390496581204937	0.179356497910516	0.1586360447911679		1.13061629938281	6.30373759832718	25.6084188218587	-0.028004609055848822	-0.0812962900432772	-0.040839171779378465		-0.042179702374785764	0.04257802297362438	0.028811462808115453
9	PyBDEI	0.0391331735409188	0.1785650335088587	0.158094777370741		1.1294809131494197	6.325319638199968	25.553767034875644	-0.02592580458909828	-0.0853503460187904	-0.04411183599606984		-0.04314156360089677	0.0461474863453676	0.026615841699985168
10	PyBDEI	0.0924833442099615	0.2065917767716717	0.0928345395994075		2.225376219488356	10.771852850405924	10.812757784036618	0.1302367668541686	-0.13058582287080756	-0.11415798427607463		-0.018544885321688458	0.12886946233046087	-0.1152296321209428
10	BEAST2	0.08530040450261	0.2264193064881375	0.105042326181815		2.15550544926275	9.51997196129421	11.7232738324166	0.04245423021801033	-0.04714428564061192	0.0023306666113194984		-0.049359910755994885	-0.0023252472352258496	-0.04072527022038457
10	PhyloDeep	0.0836469672787106	0.2291414049232889	0.1003481925713928		2.2834632	9.96530156025031	11.955006051421	0.022247612928157724	-0.03568869429015139	-0.04246150661943319		0.007073148887592101	0.04434443827894899	-0.02176342859283531
11	PhyloDeep	0.1746344604568052	0.5746480845953242	0.141431584945812		4.0630817	7.07055641342872	5.72624668341071	-0.013020602512947076	0.08145160563751186	0.21616105460376603		-0.11076612629249462	-0.17774048411227308	0.013192375186450996
11	PyBDEI	0.1855868498586123	0.5314822355179587	0.1363202875593307		3.898775780432838	7.335665277002658	5.388312807517564	0.048878879780313626	0.00021618861476571552	0.17220933885145912		-0.14672562701574637	-0.14691005534915086	-0.04660107160375992
11	BEAST2	0.1866788887380981	0.5322448825693955	0.1359223044116149		3.91580237602206	7.35714424743484	5.35679211912898	0.055050742266606424	0.001651442469117042	0.16878710749609377		-0.14299923737611522	-0.14441219141926417	-0.05217828874120239
12	PhyloDeep	1.135752199332012	1.2078845589456169	0.5529269195793549		2.1845284	1.80855726966732	0.880473751746328	0.12687761493039873	-0.034835965373480264	-0.0021327730283982535		-0.03277308990729361	0.002137331471312993	-0.11259218680835643
12	PyBDEI	1.1139602433340243	1.2076847462032685	0.553188129213372		2.183135686444653	1.807703287888679	0.8976981054611542	0.10525593775986482	-0.03499562638673395	-0.0016613679947037358		-0.0333897310225029	0.0016641327315628908	-0.09523218483964693
12	BEAST2	1.1473888139977602	1.184626070697966	0.5418291171772969		2.18634627254691	1.8456003346767	0.871544142491485	0.13842330296702737	-0.05342073507697872	-0.022160977328607053		-0.031968204401346456	0.022663216352385645	-0.12159212008947838
13	PyBDEI	0.0609302989694433	0.3201806222046189	0.1084048399038471		2.9535639044217272	9.224680382231822	16.412195851878263	0.09958871808020761	-0.07452965051682214	0.027350639534783498		-0.09916798231394522	-0.026622497210075095	-0.0905690613614896
13	BEAST2	0.0605343231815056	0.320247585406195	0.111159483492961		2.88097403247177	8.99608354210573	16.5195536588657	0.09244267552972597	-0.07433609583778364	0.05345634528995728		-0.12130777103304365	-0.05074376886043979	-0.08462016140563247
13	PhyloDeep	0.0571145945311449	0.3403920684555881	0.1138066567263802		2.990968	8.78683223604618	17.5086597078912	0.030727976825915482	-0.016109206154355342	0.0785435564949624		-0.08775979614297609	-0.07282372234480061	-0.029811916933254565
14	PhyloDeep	0.1995797490262211	0.3493241990750855	0.1627256067432982		2.146707	6.14531431170211	5.01052839719033	0.21286180530731313	0.1907980253311251	0.31865419943810075		-0.09695959271312926	-0.2416510708978021	-0.17550375844622998
14	PyBDEI	0.2910123930177108	0.228654415861306	0.1045760888180153		2.1864885027323337	9.56241537910461	3.4362797736216706	0.7685051618934038	-0.22054862614210252	-0.15256300811816115		-0.0802249827128403	0.1800287332033681	-0.4345507033016652
14	BEAST2	0.2594394772800143	0.2421559643388068	0.115316386973868		2.09992673802451	8.67179441050829	3.85446351682514	0.5766340739334366	-0.17452370914955084	-0.06552852381124845		-0.11663832242674793	0.07012362119227704	-0.365737417113428
15	PhyloDeep	0.1763734435248216	1.1137206405157178	0.3490357460622928		3.1908498	2.86503606373179	5.66978780940605	0.26879340125238677	-0.03378877464544219	0.16643061063170234		-0.17165134681154495	-0.14268367883587066	-0.21184962105498753
15	PyBDEI	0.1507574178738999	1.1449671152419314	0.3304526589761768		3.464844612808744	3.026152076059077	6.633172775859319	0.0845171085029781	-0.006680814592510997	0.10432842808501307		-0.1005219460573177	-0.09447228327348832	-0.07793063644670582
15	BEAST2	0.1478896640568819	1.158467975939127	0.330969387873618		3.5002269647412	3.02142746924333	6.76179776576797	0.06388709160966544	0.005031892062129148	0.1060552666973133		-0.09133664264068875	-0.09588604646673317	-0.060050631418982967
16	PhyloDeep	0.1643980424434391	1.9121801252378103	0.5952694128699227		3.2122936	1.67991161376625	6.08279749039012	0.2139119720883394	-0.14250376190852396	0.06641959257447909		-0.19591102408258856	-0.06228279472447917	-0.1762170379787412
16	BEAST2	0.1901298815210731	1.5793963804238356	0.501720334670946		3.1479616656552	1.99314225654388	5.25956252641521	0.40391537514550924	-0.2917369881666872	-0.1011727071502689		-0.21201434639599623	0.11256078665513264	-0.28770635488171464
16	PyBDEI	0.191574919585354	1.548612362025082	0.4897804396544015		3.161850161100375	2.0417311902158017	5.219889963490035	0.41458550831912927	-0.3055417441213529	-0.12256291753843114		-0.20853783164667675	0.13968285588590812	-0.29307914288741554
17	BEAST2	0.051010865774414	0.1683648715628363	0.108472247348475		1.5521469839373	9.21894792856487	19.6036664898477	0.11156989793629066	-0.05436105440157904	0.020514296264411584		-0.07337021239199855	-0.020101919531656222	-0.10037146394790794
17	PyBDEI	0.0514268466434576	0.1684050238469994	0.1068697987990338		1.5757962094013225	9.35718052469133	19.445096584144085	0.12063447280924189	-0.05413553488965883	0.005438351092193197		-0.059251654680903564	-0.005408935402439988	-0.10764836861285615
17	PhyloDeep	0.0514073974476944	0.1688657580969617	0.1051303217901414		1.6062517	9.51200360630661	19.4524533364575	0.12021065838811357	-0.05154777269026906	-0.010926767166075395		-0.04106976528705084	0.011047480412311657	-0.10731076113941534
18	PyBDEI	0.1096378812944047	1.257641927625843	0.4015213639987343		3.132191809424635	2.490527502798462	9.120935101935745	-0.04176737961398056	0.07011543231562248	0.14458068794638296		-0.06505898309744047	-0.1263176021306029	0.043587933373792825
18	PhyloDeep	0.1091893137905182	1.2508356749583065	0.4028849693014487		3.1046968	2.48209805824693	9.15840539046265	-0.04568784952451241	0.06432405731787581	0.1484677944254123		-0.07326608331201376	-0.12927466938652132	0.04787516275649229
18	BEAST2	4.798525003146682	0.2324577866044429	0.103845962648971		2.23848651093174	9.62964735933245	0.208397371972479	40.93900076749968	-0.8022039029209649	-0.7039756933840554		-0.3318248108063254	2.3781009790435137	-0.9761558458308586
19	BEAST2	0.0664572803533241	0.6980839640112992	0.1862125079628128		3.74885646323344	5.37020853722513	15.0472603555764	0.0502160452307386	-0.04910658303928943	0.11175895307562243		-0.14469461718287582	-0.1005244462088184	-0.047814966700214324
19	PyBDEI	0.066043224204973	0.694960793688866	0.1837059875536716		3.7830056763164888	5.443480712395613	15.141598733828925	0.0436727679808591	-0.05336080209137006	0.09679408021925122		-0.13690343977841787	-0.08825182590327448	-0.041845269245983814
19	PhyloDeep	0.0589750035272943	0.7494914787803667	0.2162522305770589		3.4658208	4.62422975860895	16.9563364169565	-0.06802543464591386	0.0209180413559295	0.29110743470912154		-0.20926948919170626	-0.22547111641000372	0.07299065572681929
20	BEAST2	0.0550728427923943	0.443175033415256	0.200440408533031		2.21100643657002	4.98901397836259	18.1577697699328	0.10973168140756046	-0.07263103654196701	-0.060961163533029224		-0.01242746578282595	0.06491868191776665	-0.09888127305546551
20	PyBDEI	0.0556415334254072	0.4418968600521019	0.2006136050518289		2.2027262803932817	4.98470679364766	17.972186214828092	0.12119094118743319	-0.07530568700179385	-0.06014975899298451		-0.016125896815826896	0.06399930155738022	-0.10809125969130845
20	PhyloDeep	0.055204940895831	0.4189679243979879	0.1835135149426864		2.2830358	5.44918994283507	18.1143206345778	0.11239349153038572	-0.12328578896486538	-0.14026159291455312		0.019745313004262154	0.16314450041850104	-0.10103753068148567
21	BEAST2	0.0413861614192944	0.4507139936076128	0.1148720915196869		3.92361615118994	8.70533466197591	24.1626661112329	0.40432637882935574	-0.20221003654253755	-0.01460028412092696		-0.19038949311472533	0.01481661084903135	-0.2879148216003762
21	PyBDEI	0.0413116530671519	0.4468834219929938	0.1083410698749997		4.1247831732563895	9.230110069558716	24.20624510896485	0.40179814135169384	-0.20899037092707096	-0.07062491802403559		-0.14888009759079632	0.0759918351521515	-0.2866305279619351
21	PhyloDeep	0.0484710626825988	0.4059701739156186	0.1082053029066502		3.751851	9.24169124005604	20.630866018933	0.6447331571883964	-0.2814091978361628	-0.07178955888908352		-0.225832020049461	0.07734189975622634	-0.3919986378158401
22	PhyloDeep	0.3177917346417786	0.2883277781210053	0.244901043452289		1.1773236	4.08328190808553	3.14671494249912	-0.5209999478112685	0.5168748366532547	0.4858313688669197		0.020892995286543398	-0.3269761152218843	1.0876824447734887
22	BEAST2	1.9673727460366384	0.173031372730917	0.1421659941082341		1.21710802795206	7.03403093174784	0.508292087513434	1.965374946231684	-0.08969251260644699	-0.13746919713179526		0.05539127920588407	0.15937888441162187	-0.6627745165005956
22	PyBDEI	0.3187832765597707	0.2840904394377138	0.2335311141317888		1.2164993109971325	4.282084653763392	3.136927415991672	-0.5195054198588631	0.49458245655394695	0.4168492305793376		0.054863442275240926	-0.2942086014394712	1.081188927680032
23	PhyloDeep	0.0346904562019085	0.4839628873233745	0.1350544969447784		3.5834637	7.40441838385347	28.8263721347367	0.09977970402099233	0.03503729698337158	0.16396313873481974		-0.11076454009667858	-0.14086626395492352	-0.0907269916476733
23	PyBDEI	0.0335954986964335	0.4881436535518387	0.135180492280888		3.6110510127270254	7.397517076074303	29.76589242016989	0.0650666395897265	0.04397857965147328	0.16504902576710453		-0.10391875658272436	-0.14166702183063215	-0.06109161358653886
23	BEAST2	0.0335415936227588	0.4908837876529329	0.1359300385801498		3.61129734663827	7.35672563949402	29.8137295218279	0.06335770541987445	0.04983882445052012	0.17150896810780691		-0.10385762889532643	-0.14640004709893492	-0.05958268332184497
24	PhyloDeep	0.2061338285046713	0.7386224116591988	0.1805537688524764		4.0908723	5.53851634532792	4.85121732446423	-0.14590681898209784	0.06834722055525078	0.036582583087567934		0.030643614880223113	-0.0352915278381423	0.17083243634869805
24	PyBDEI	0.191895845013847	0.8008794592179023	0.1762955180843714		4.542823708284051	5.672293946357844	5.211160251686747	-0.20490036069804637	0.15839613143233588	0.01213541364496592		0.14450706478162487	-0.011989911114030926	0.25770400408926813
24	BEAST2	0.196421858256434	0.7889231379783217	0.1788949922783519		4.40997888163798	5.58987139474563	5.09108308452348	-0.18614731528220052	0.14110244745694994	0.02705933183172722		0.11103848832358111	-0.02634641543392437	0.22872359921838467
25	PhyloDeep	0.1135557929288875	0.2099517173993466	0.1832338892729559		1.1458127	5.4575057265217	8.80624382259594	-0.07070404353475275	0.049779212459789356	0.04491388353493402		0.004656200861640453	-0.0429833350313912	0.07608345117920033
25	BEAST2	0.106946621114244	0.238223785569618	0.2050736398051839		1.16164996045287	4.87629712404764	9.35045903817537	-0.12479090678072154	0.19114233073304515	0.16945775822216244		0.01854241622531788	-0.1449028466661133	0.1425841067552247
25	PyBDEI	0.1072512292542508	0.2374917526895107	0.2042641566925218		1.1626697338143683	4.8956215137896	9.323902457373148	-0.12229811354214148	0.18748209441827368	0.1648415807985217		0.01943656029537642	-0.14151416254004248	0.13933901183202396
26	PhyloDeep	0.0799020321725811	0.4740208735914413	0.1927826781700968		2.4588354	5.18718802691223	12.5153262415165	-0.011673083803103036	0.009953016046452582	-0.04723863405735502		0.06002725566776424	0.04958076150644276	0.011810954059635686
26	PyBDEI	0.081282625594202	0.4665713126193909	0.1943254953938685		2.4009783774060174	5.146005149623576	12.302752189532256	0.005403798997138684	-0.0059190836670907	-0.03961379628939123		0.035084544626021834	0.041247777338259156	-0.0053747549019900025
26	BEAST2	0.0831282875281211	0.4605601567622446	0.1934896518700939		2.38028314336654	5.16823504686124	12.0295994268102	0.028233222954120545	-0.018726504871674144	-0.0437446623245812		0.02616263299896887	0.04574579675646139	-0.02745799525229024
27	PyBDEI	0.1062020476085789	0.2369184077390879	0.1244079836236246		1.90436659158342	8.038069349514828	9.416014309682865	0.04682899859608061	-0.029881663362912796	0.024209489172401205		-0.052812586787319926	-0.02363724357988905	-0.04473414345502829
27	BEAST2	0.0989018793173213	0.252321541787054	0.1324140806973179		1.9055491716461	7.55206693075093	10.1110313262254	-0.02512844510675375	0.03319010435750494	0.09012101956838882		-0.05222439911618707	-0.08267065578101694	0.025776159926530214
27	PhyloDeep	0.1021741801976333	0.2705147850246065	0.1468862123708715		1.8416622	6.80799091935947	9.78720845193689	0.007126483407123296	0.10768663266055438	0.20926525900441265		-0.08400028495608024	-0.17305157610886882	-0.007076056011370869
28	PhyloDeep	0.1010907645323718	0.8461270985530903	0.2172342106847337		3.8949993	4.60332650574671	9.8921004764958	-0.371287577367758	0.4429655848191436	0.10989190889457086		0.3000955978283571	-0.0990113613892555	0.5905523161341095
28	PyBDEI	0.1091403059893185	0.7838915767834355	0.2032221318746465		3.857314011777828	4.920723893482379	9.162517833676125	-0.3212251732115899	0.33683056536350586	0.038301468102172345		0.2875167823917181	-0.03688858128283344	0.47324261380088406
28	BEAST2	0.109363360396118	0.7902981537642887	0.2053405316363172		3.8487197216573	4.86995914557736	9.14383022227887	-0.3198379339605423	0.3477561935766598	0.049124785239336874		0.28464813007844086	-0.04682453977877377	0.4702378299674058
29	PhyloDeep	0.0310878632242432	0.3646280624531306	0.1282796661640118		2.8424463	7.79546774561645	32.1668939671663	0.036123445193355454	-0.10677643934368923	-0.03961565804674083		-0.06993114981482822	0.04124979585378189	-0.034864036096215044
29	BEAST2	0.0304858738086516	0.3758156173740627	0.1347423701491529		2.78914210101881	7.42157050446011	32.8020776532969	0.016059816414704088	-0.07937046413080363	0.008768313471184076		-0.08737266667179645	-0.008692098427450144	-0.01580597535229124
29	PyBDEI	0.0303825147277871	0.3756641114794254	0.1337437107506322		2.8088357154966226	7.476987100085173	32.91366790930649	0.012614974735336744	-0.07974160570931488	0.0012917049176703053		-0.08092877453094263	-0.0012900385685076289	-0.012457819655131925
30	BEAST2	4.784719863677891	0.238921493236863	0.1659463381993429		1.43975152347055	6.0260443879078	0.208998651643385	23.87471064672845	-0.8068735094513998	-0.769257627494085		-0.16302112849407596	3.33383773053805	-0.9597985273395926
30	PhyloDeep	0.1905485771885382	1.16768104387849	0.7673349367731837		1.5217358	1.30321187277778	5.24800559917354	-0.009379680158057178	-0.05613287850661636	0.0669514358613413		-0.11536074673220016	-0.06275021862386074	0.009468491580663067
30	PyBDEI	0.1876492898020443	1.173777131246936	0.7652002253502636		1.533947707228719	1.3068474980417824	5.32909024625099	-0.02445244029355022	-0.05120525167993115	0.06398319694938433		-0.10826152984330943	-0.06013553327988148	0.025065349249510458
31	BEAST2	4.7676687301620495	0.298985965540178	0.103956802548324		2.87605965373161	9.61938012219213	0.209746116309136	32.80605199100393	-0.7771349672283329	-0.6254517302875684		-0.40497647221070576	1.6698828451878158	-0.9704194976607707
31	PhyloDeep	0.1370803516095896	1.3370740139702797	0.3359201472746863		3.9803329	2.97689795659171	7.29499150139358	-0.028005980335514186	-0.0033410317328522467	0.21029414948379804		-0.17651509040820215	-0.17375457823496088	0.028812914245276145
31	PyBDEI	0.1358141511996768	1.3801426182478571	0.3306505725576019		4.174021558687685	3.024340748195113	7.363002979930854	-0.036984212530578514	0.028762434683742472	0.1913082818539538		-0.1364431437656525	-0.16058671358872204	0.03840457551351687
32	PhyloDeep	0.249239830237414	0.9191584430784348	0.5459255335537455		1.68367	1.831751655744	4.01219981191388	0.05663123817844335	-0.08756133633372792	-0.057051226602939056		-0.03235606280166573	0.060502996782536345	-0.05359602871108727
32	BEAST2	0.2580214780350447	0.8471272326419262	0.4959810008599134		1.70798323156171	2.01620626247021	3.87564635167379	0.09386029332913433	-0.15906594132090468	-0.14331781965816556		-0.018382688497682216	0.16729403616283783	-0.08580647263781112
32	PyBDEI	0.2578882604152365	0.842977847567282	0.492428137445354		1.711879934279404	2.0307531677370334	3.8776483985345394	0.0932955284661866	-0.16318499108980516	-0.14945449580334952		-0.016143163674028647	0.17571604936588417	-0.08533422669081377
33	BEAST2	0.147760092349202	1.3895808012505555	0.4172119313584936		3.33063533616095	2.39686338006652	6.76772722662284	-0.11810833036402861	0.010763631764073307	-0.04001420877144797		0.05289436677030177	0.041682084398602805	0.13392612089507694
33	PhyloDeep	0.132536540102798	1.567851393502739	0.4308887569815786		3.6386454	2.32078461968956	7.54508906920597	-0.20896861405039152	0.1404354227814704	-0.008544451364173684		0.15026379584100358	0.00861808819964778	0.2641723422889613
33	PyBDEI	0.1512221359044587	1.3580471312589235	0.4131352104373343		3.287173537741627	2.4205150631954746	6.612788491704642	-0.09744546177240462	-0.012173563953446312	-0.049394559295877966		0.03915504135434139	0.05196115778518052	0.10796628640720646
34	PyBDEI	0.1897752993929654	0.299044679526154	0.2429616757445481		1.2308306592376816	4.115875464455588	5.26938965818366	0.06232268516264749	0.10887549353011777	-0.08568318811842494		0.21279132038287693	0.09371279955150005	-0.05866643538079574
34	PhyloDeep	0.2096129987745245	0.2628150389301959	0.2298265817448872		1.1435363	4.3511067884655	4.7706965018695	0.173370003448414	-0.02546617293898329	-0.13511335949311445		0.1267763674669203	0.15622088857093228	-0.14775390792239243
34	BEAST2	0.1914259119283911	0.2959073683003319	0.2402680555394848		1.23157182770684	4.16201811661835	5.22395317293346	0.07156247109056026	0.09724215653377499	-0.09581985774241415		0.2135216261155058	0.1059743001025964	-0.06678329357478271
35	PyBDEI	0.0866921562672699	0.2002238581810494	0.1307047981761983		1.5318784082519683	7.65082853845914	11.535068950379117	-0.15067030044105317	0.11676600920626619	0.0868453419519866		0.027529829773702448	-0.07990588780185712	0.17739907190257784
35	BEAST2	0.0869900765839503	0.2002773735889405	0.1307645254242389		1.5315879665313	7.64733399028294	11.4955640835072	-0.14775155226412945	0.11706449605515876	0.0873419899880673		0.027335011744941195	-0.08032614466496049	0.17336676019376038
35	PhyloDeep	0.0932641297381952	0.1852160025984826	0.1237765690472123		1.4963737	8.07907350880414	10.7222358993445	-0.086284172630806	0.03305838745755375	0.029235264419379972		0.003714527834732011	-0.0284048413711057	0.09443217469400558
36	PyBDEI	0.0600416994258551	0.4264918714453755	0.1274949423007248		3.345166982698032	7.843448390613646	16.65509153742207	0.1480194744461544	-0.0363715829010355	0.13240206137845892		-0.14904038948326245	-0.11692142384241859	-0.12893463720862877
36	BEAST2	0.0600711978935088	0.4282985316638827	0.128084290467969		3.34388026899357	7.80735870375983	16.6469129144511	0.1485834960454196	-0.03228956107798004	0.13763661474515457		-0.14936770988265027	-0.12098469138670181	-0.12936238119126225
36	PhyloDeep	0.0610956682479648	0.447846596451269	0.138393606661605		3.2360353	7.22576731774296	16.3677725226176	0.16817174769643442	0.01187791781107469	0.22920331298750027		-0.17680182999851357	-0.1864649326647489	-0.14396149198785227
37	PyBDEI	0.2119366050991494	0.278099665165931	0.1997434171823534		1.3922845072388204	5.006422810355055	4.718392084898095	-0.062111232530245614	0.0248161047529726	0.011552577189944535		0.013112049597929675	-0.011420639372040813	0.06622451903098257
37	BEAST2	0.2142824262521168	0.2763082823392839	0.1989165514781649		1.38906632095728	5.02723374484888	4.66673827383043	-0.051730206992765725	0.018214737687570086	0.007365114364582673		0.010770298840287986	-0.007311266053945605	0.054552203786555765
37	PhyloDeep	0.2283116629572109	0.2649785630504856	0.1929588660342679		1.3732386	5.18245168284938	4.37997773327688	0.01035375210305234	-0.02353604537275155	-0.022806153103817495		-0.0007469267957963262	0.023338412512783773	-0.010247650470442975
38	PyBDEI	0.0486523126601711	0.6938446991483405	0.2274001220302637		3.051206362395882	4.397535019206869	20.55400751419248	-0.02915969547950958	0.08109229147752249	0.09032835862634804		-0.008470904270032484	-0.08284509699458636	0.030035522159239887
38	PhyloDeep	0.0544130045556504	0.5808523424338619	0.2281869756317492		2.5455105	4.38237106754862	18.3779596103218	0.0857929464045479	-0.09496319469948604	0.09410113054980701		-0.1728033359715887	-0.0860077079917829	-0.07901409443544476
38	BEAST2	0.0484856363236478	0.7000004726250695	0.22915623149757		3.0546866129298	4.36383507210278	20.6246648662064	-0.03248566492389963	0.09068371627610085	0.09874847703244748		-0.007339951704077546	-0.08987359627487487	0.03357641716114112
39	PhyloDeep	0.0269299991799952	0.1700131025551985	0.1096559471545497		1.550423	9.11943242431342	37.1333097084846	0.08469723632828098	-0.026196850043371914	-0.012981684478174474		-0.013388977040624868	0.01315242511108873	-0.07808375783733394
39	BEAST2	0.027087194305743	0.1696218636297337	0.111892558377514		1.5159351621709	8.9371448334044	36.917813957128	0.09102880423228511	-0.0284377931958538	0.007150157880143426		-0.03533529811572851	-0.0070993960773374975	-0.08343391474099687
39	PyBDEI	0.0270894785864414	0.1698262146464876	0.1115614437724449		1.5222661961321249	8.96367029849245	36.91470091641073	0.09112081140035043	-0.02726730891657789	0.004169779813832435		-0.03130654732134881	-0.004152464949309343	-0.08351120283684109
40	PhyloDeep	0.0836657509340678	0.5858610325425166	0.1516880168678032		3.8622763	6.59247856652714	11.9523220533578	-0.17173719987394703	0.18807604831953503	0.27810263958047365		-0.0704376851067996	-0.2175902239524039	0.2073462672086807
40	BEAST2	0.0938038592010913	0.5272984706512711	0.138378118284984		3.81056251657738	7.22657608293633	10.6605422049455	-0.07137333715259078	0.06931618335758279	0.16595524084379462		-0.08288401998714368	-0.14233414373925188	0.0768590220463203
40	PyBDEI	0.0928149993640403	0.528544958413539	0.1380064444265096		3.829857081022013	7.246038430709037	10.774120636232356	-0.08116271701739944	0.07184395389123133	0.1628235673643188		-0.07824025589651938	-0.14002430973546454	0.08833198055910389
41	BEAST2	0.179065163093338	4.067847078231261	0.9214124390605252		4.41479505353634	1.08529031908838	5.58455917792758	-0.1789479199295416	0.26758073939211596	0.16754206284156697		0.08568314558798378	-0.14349980884954397	0.21794953605645195
41	PyBDEI	0.1646285164067753	4.412457606108319	0.9690836111996608		4.5532269404969	1.0319027052393	6.074281794103834	-0.24514303340935378	0.37496473375766687	0.22794725849331118		0.11972621319644136	-0.18563277609577636	0.32475428360495323
41	PhyloDeep	0.2082571834178667	3.481013365092446	0.8556737304975955		4.068155	1.16866974450469	4.8017551355888	-0.04509626171269492	0.08471764309200698	0.08424309253207048		0.0004376791175383521	-0.07769760592648524	0.047225976718426765
42	PhyloDeep	0.2587140129276005	2.842023815837265	0.6497217846590554		4.3742166	1.53912031828324	3.86527188335888	0.04909385122284308	-0.01848530498194432	0.02021528074189488		-0.03793374443058357	-0.01981472060210118	-0.04679643405174704
42	PyBDEI	0.270296437721177	2.622251533717749	0.6487141039107692		4.042229878939768	1.541511112478526	3.699641802277636	0.09606096558859074	-0.09438534609205389	0.018632986101658294		-0.1109509840499443	-0.01829214874826259	-0.08764199128011588
42	BEAST2	0.272631259735254	2.6048842864055457	0.6470710219868212		4.02565436852247	1.54542541084519	3.66795796260149	0.10552874582573372	-0.10038325798637013	0.01605296288879618		-0.1145966058148386	-0.015799336722718757	-0.09545545172315999
43	PhyloDeep	0.0247077751463477	0.4806272904204433	0.1145862302113219		4.1944594	8.72705209130087	40.473089708679	-0.01569862129802774	-0.057861609204508495	0.07956589544569864		-0.12729885709613906	-0.07370174973233116	0.0159489985869262
43	BEAST2	0.0220118971598868	0.5725733106993067	0.1277838232282709		4.48079652207988	7.82571670448157	45.4299778313674	-0.12309624828663208	0.12237342387028723	0.20390606526186797		-0.06772342439677533	-0.16937041115206578	0.14037600825188912
43	PyBDEI	0.0193660130255454	0.6311842018606241	0.1256159840085849		5.024712474628125	7.960770342185569	51.63685466290433	-0.22850223429273708	0.2372640507290081	0.18348192455956414		0.04544397768428796	-0.1550356796770242	0.2961800337597344
44	BEAST2	1.1109356158376895	1.784118139436299	0.7316719206417234		2.43841274907955	1.3667327825331	0.900142173627191	0.09216910929916317	-0.14175434519554922	-0.13959821439417994		-0.0025059580738214012	0.16224770418844162	-0.08439087730498762
44	PhyloDeep	1.0693496300119418	1.8730245757840496	0.7600905570412881		2.4642124	1.31563271078196	0.9351478430762	0.051285615736499056	-0.09898612206447684	-0.10617962224536194		0.00804803779362912	0.11879302026218658	-0.048783712978484835
44	PyBDEI	1.1077916073790115	1.7943963752726737	0.7373214317866542		2.4336690863909225	1.3562605898716809	0.902696855021278	0.08907821107878863	-0.13681002505741585	-0.13295473206314393		-0.004446472562436819	0.15334231899968867	-0.08179229937081549
45	PyBDEI	0.316360481967112	0.5381814606396402	0.1107032802840573		4.86147708774936	9.033155995324307	3.160951057420495	-0.12264940285160242	0.05171235155509669	0.033026473159745995		0.018088479705844596	-0.031970597092955064	0.1397952007444261
45	BEAST2	0.3263434382288531	0.5323694405858487	0.1163241069596479		4.57660457922556	8.59667033890828	3.06425649440739	-0.09496404663048179	0.04035452204013426	0.08547715702411361		-0.041569400785628464	-0.07874615920841106	0.10492847966638598
45	PhyloDeep	0.3507932380753505	0.551115773798856	0.1212608136090158		4.5448794	8.24668720452696	2.85068208693692	-0.027158338527807614	0.0769885416569653	0.13154398219799443		-0.04821327442797001	-0.11625176243036917	0.027916504404950197
46	PhyloDeep	0.5653354109749135	0.5661721528847031	0.2565788860650795		2.2066202	3.89743682863428	1.76886142383247	0.11128366672713619	-0.030021675572847555	-0.015849415192827322		-0.014400499881628418	0.016104664710362992	-0.10013974834605466
46	BEAST2	0.6141534882410153	0.5325980706629487	0.232360465948557		2.29211999764565	4.30365809397797	1.628257461932	0.20724569361182693	-0.08754151622857234	-0.10874315515058806		0.023788472475179755	0.12201101823679271	-0.1716681987009547
46	PyBDEI	0.586644854712264	0.5468812428879604	0.2390939147471463		2.287307242705505	4.18245692726036	1.7046088309944818	0.1531717853778346	-0.06307127799496821	-0.08291590305463814		0.02163882802653406	0.09041254049744826	-0.1328265114704036
47	PyBDEI	0.2128852936924619	0.3593523668437001	0.1588120633916331		2.2627523323434904	6.296750880529672	4.697365340062515	-0.017320925978613316	-0.06997563172443759	-0.08640554128881883		0.017983810439873796	0.09457756717429287	0.0176262285791139
47	PhyloDeep	0.186052720384732	0.3985626145281983	0.1785435378348227		2.2322993	5.60087479013179	5.37482063112076	-0.14118015474122772	0.031502719880701115	0.027103252240584085		0.0042833742669197705	-0.0263880502582963	0.16438855659965343
47	BEAST2	0.215895685580972	0.3558827031835405	0.157589160588765		2.25829430053397	6.34561410355842	4.63186652993558	-0.0034249491258573858	-0.07895531865960709	-0.0934405057643294		0.01597819800777097	0.1030715649204135	0.0034367197160446003
48	PhyloDeep	0.0629609960897605	0.8097070346272555	0.2451350439941241		3.303106	4.07938409664499	15.8828490987396	0.09161966325615212	-0.08206580520011444	0.12706810383075598		-0.18555569829369847	-0.11274217005952729	-0.0839300228276057
48	BEAST2	0.0592897765067496	0.8929076815507403	0.2582569578642198		3.45743901320247	3.87211252029754	16.8663142099407	0.027967946576950713	0.012255616714783977	0.18739930064059993		-0.14750192612655785	-0.15782332071401628	-0.027207022038072782
48	PyBDEI	0.059850052025928	0.882512865802451	0.2574322534715932		3.42813635005465	3.88451713611848	16.708423236905166	0.03768202055227734	0.0004714078392965901	0.18360752121619073		-0.15472706120413676	-0.15512534174126302	-0.03631364888853298
49	PyBDEI	0.0443227453120586	0.1808795060996934	0.1264075473776589		1.430923309976836	7.910920041920996	22.56177935187456	-0.023050300165130624	0.0804507973043637	0.04410737211758846		0.03480813004228295	-0.04224409605319906	0.023594152461508894
49	PhyloDeep	0.0462587946561268	0.1689075577482759	0.1183086429655181		1.4276857	8.45246784118263	21.6175109497271	0.01962356428609362	0.008938543536673796	-0.02278836297272316		0.03246677107316391	0.023319782644060323	-0.019245891300908452
49	BEAST2	0.043944107630006	0.1818735487454886	0.127008000321646		1.4319849795674	7.8735197583421	22.7561794727896	-0.03139612728443624	0.08638853006559778	0.049067023328552686		0.03557590307111994	-0.0467720576830924	0.0324137949153703
50	BEAST2	4.779745396084265	0.1206575805953419	0.104818636534343		1.1511080909339	9.54028818789641	0.20921616469765	33.5686498257358	-0.8138123318289444	-0.807191719580509		-0.034337800399604504	4.186499240718862	-0.9710720550255476
50	PyBDEI	0.121349805237981	0.6560083998056865	0.5578441527354321		1.1759707376852448	1.792615365951982	8.240639513503	-0.12235933589064951	0.012291757034963102	0.026124507885068628		-0.013480577399536153	-0.025459393752239205	0.13941848970138837
50	PhyloDeep	0.1233860872313378	0.646999617122806	0.5615416776764537		1.1521845	1.78081171844234	8.10464147489408	-0.10763229222165624	-0.001609766868542596	0.03292590741913884		-0.03343480305762892	-0.031876349680692084	0.12061428409329047
51	BEAST2	0.2132027189353957	1.6549405162035498	0.5749733377468902		2.8782908833454	1.73921108049746	4.69037170348197	-0.07636949837701679	0.16882677602066556	0.20072320246494063		-0.026564345869885375	-0.1671685881083001	0.08268403679049305
51	PyBDEI	0.2163344804748617	1.6347099656753268	0.5744267353937957		2.845811075549362	1.740866046763047	4.622471636536928	-0.06280217383207481	0.15453864365608352	0.19958172670459615		-0.03754899065714489	-0.16637609781942286	0.06701058418889463
51	PhyloDeep	0.2511157982287814	1.4167087427388525	0.55408053635809		2.5568643	1.80479178455336	3.98222655465484	0.08787642034615278	0.000571981967282541	0.15709253344934965		-0.1352705569842991	-0.13576488388620828	-0.08077794380191758
52	PyBDEI	0.1485322653133585	0.9295360525576032	0.2422836889180089		3.8365605902268025	4.127392993171775	6.732543921620664	-0.05962780442410977	0.008180307002151886	0.12376700562346848		-0.10285646227634947	-0.110135824422788	0.06340872763426712
52	BEAST2	0.148236034054969	0.9340339690389295	0.2445003880090641		3.82017377004859	4.08997305952303	6.74599807243345	-0.06150327328780925	0.013058773852938861	0.13404856155918965		-0.10668836574326539	-0.1182035462175343	0.06553381758002716
52	PhyloDeep	0.1648383450992985	0.8991445834699169	0.2528652160995855		3.5558255	3.95467599468553	6.06654962107027	0.04360757017406502	-0.024782460338355575	0.17284654196727817		-0.16850371743786716	-0.1473735359080769	-0.04178540997627278
53	PyBDEI	0.1048017802781712	0.6701391838350391	0.124365888762553		5.388448476531293	8.040790042591674	9.541822642189278	-0.2381585416604749	0.19438760989961423	-0.035190240366681336		0.23795141785624943	0.03647376077544605	0.31260905934359895
53	BEAST2	0.1196645361060839	0.6254090667965704	0.1347878161814921		4.63995251584502	7.41906819421644	8.35669474466093	-0.130115877262724	0.11466521958307102	0.045661329047022546		0.06599066888983667	-0.04366741676163595	0.14957840229717717
53	PhyloDeep	0.1528549098119276	0.5435707746645086	0.1234141725241052		4.4044437	8.10279710626168	6.54215164714302	0.11115676753184617	-0.031194990498213886	-0.04257349573028891		0.01188446860550774	0.044466594083648996	-0.10003698018125114
54	PyBDEI	0.0923072675145729	0.2718404439552397	0.1314890126649081		2.067400450013332	7.605198181451406	10.833383187755246	0.04049113106065148	-0.042894696487905774	-0.08568060328506384		0.04679536161092484	0.09370970756270296	-0.038915402401725245
54	BEAST2	0.0929159605879182	0.2704957272853928	0.130908123818797		2.06630207044914	7.63894532156155	10.7624136227251	0.047352343199271625	-0.0476292217767312	-0.0897198604714286		0.0462392145746422	0.09856291110327133	-0.04521147396742187
54	PhyloDeep	0.0935251796720606	0.2663365772470916	0.1311790113874595		2.0303292	7.62317073000596	10.6923077133498	0.05421948455217736	-0.06227290209832477	-0.0878362220339854		0.02802492332315891	0.09629435432071899	-0.05143092624133176
55	PyBDEI	0.2805844656745692	2.2422662317924065	0.4448857558623759		5.04009445626316	2.24776807713607	3.56398918092576	0.07957588626615339	-0.00014886909357047994	-0.1201069773884228		0.13633260545561451	0.13650179544774393	-0.07371032206117221
55	BEAST2	0.2979881389267398	2.144325405927707	0.4631423880749862		4.62994850210196	2.15916319850666	3.35583826793136	0.14653820340772405	-0.04382175865247449	-0.0839990933112556		0.04386167564398847	0.09170197616387113	-0.12780926354846736
55	PhyloDeep	0.3258049908386144	2.017001957552734	0.4402749123549782		4.581233	2.27130815755801	3.06932069219082	0.25356623321578403	-0.10059668218457406	-0.12922628268658606		0.03287834707545184	0.14840397696577934	-0.2022758961569256
56	BEAST2	0.0506828845027379	0.1747703005625809	0.11289665297478		1.54805564166391	8.85765851910056	19.730526583308	-0.0255707651085368	-0.04215286215938679	-0.04369015129818492		0.0016075220190241023	0.04568618775336645	0.026241787697783917
56	PhyloDeep	0.0560733437004311	0.1573005084141595	0.1001367460018063		1.570857	9.98634407375252	17.8337857885281	0.0780662137898937	-0.13789790782316103	-0.1517750624558223		0.016360229484455854	0.178932563448616	-0.07241319020234913
56	PyBDEI	0.0518603905261691	0.1672129084378666	0.107227467734149		1.5594223380565195	9.325968626614571	19.282538944541727	-0.0029320320382007145	-0.08357194991568856	-0.09171192640733285		0.008961888555298756	0.10097228960033872	0.0029406541303225254
57	PyBDEI	0.105317362586591	0.8773751526937859	0.1747546947963262		5.020609911031873	5.72230692380244	9.495110544358807	-0.1423107346058066	0.12425858665563193	-0.0924380712699821		0.23876790229493697	0.10185318306524097	0.1659234181278935
57	BEAST2	0.114457810561463	0.8386330069341861	0.182533491668286		4.59440620605787	5.47844667222647	8.73684369021725	-0.06787225726076193	0.07461483973395935	-0.052040072803944355		0.13360787613937672	0.054896912106687575	0.07281433021326623
57	PhyloDeep	0.1191706368782671	0.828571931590794	0.1760756120536518		4.7057734	5.67937824174816	8.39132882222909	-0.029491685982529253	0.06172269170461398	-0.08557808839428084		0.1610862318907424	0.09358709290332541	0.030387875669448384
58	PhyloDeep	0.810221128600746	0.369104008555312	0.2199438905186573		1.6781735	4.54661412800267	1.23423095831505	-0.11319179938950194	0.050753224393434944	0.1402164870633497		-0.07846164626186873	-0.12297356568179463	0.127639549692457
58	BEAST2	1.1531355663374705	0.3386632003307448	0.1987945657615689		1.70358379281319	5.03031859130085	0.867200725736132	0.2621370148785802	-0.03590467325525163	0.030575756777896927		-0.06450804765774881	-0.029668616379539815	-0.2076929935406404
58	PyBDEI	1.0119469803634933	0.3504115790830702	0.2060213720170521		1.7008506236628067	4.853865354887702	0.9881940649111854	0.10760241752667397	-0.002459772714293943	0.06804041934198618		-0.06600891762103456	-0.06370584681046583	-0.09714895509794479
59	BEAST2	4.823469576795597	0.334074196692341	0.13665400628853		2.44467180850139	7.31775106460186	0.207319644931675	24.345842500841133	-0.8032774871066838	-0.7312592110429825		-0.2679841654971849	2.7210577667833653	-0.9605457976010537
59	PyBDEI	0.1420962508349914	1.932709015987884	0.5813648588120804		3.3244338502623707	1.7200902064210224	7.037483354583685	-0.25332809997397254	0.13809260960926395	0.14329945438385056		-0.004554226589211987	-0.12533851375016877	0.3392763273469136
59	PhyloDeep	0.1652913892391613	1.564058566621785	0.5182513973283301		3.0179534	1.92956546794695	6.04992192638113	-0.13144481338592576	-0.07899043211196405	0.019181897250986416		-0.09632464001543617	-0.018820877119899132	0.1513373190462919
60	PyBDEI	0.1269461435253846	0.2833871278953191	0.173205602969344		1.6361314128243087	5.773485284866862	7.877356272741251	0.032061675119863596	0.021617980756349266	0.0620055949598378		-0.03802956820111288	-0.0583853750433238	-0.03106565808302147
60	BEAST2	0.1270467707215299	0.2826476343928988	0.1724361440799291		1.63914378798614	5.7992482106099	7.87111702501963	0.032879765923823724	0.018952087409901494	0.05728767803543644		-0.03625842939621412	-0.05418362402736414	-0.03183310101385923
60	PhyloDeep	0.1214911089438647	0.2953918871443496	0.183295618620684		1.61156	5.45566777604991	8.23105500223932	-0.012287306044061592	0.06489545067725183	0.12387226030583116		-0.0524764350109778	-0.11021916340574454	0.012440162123308009
61	PyBDEI	0.113942155205388	0.6606831247209354	0.2243198240803345		2.9452730155687363	4.457920757114516	8.776383053290818	0.6265837215642162	-0.24734831087742443	0.06697515683657668		-0.2945930518625418	-0.06277105554654937	-0.38521455321196624
61	PhyloDeep	0.1281193666983461	0.6167024882002325	0.2113774881656273		2.917541	4.73087275602612	7.80522122275608	0.8289708134184194	-0.2974511500864249	0.005415056435102693		-0.30123500198554776	-0.005385891528522706	-0.453244418848347
61	BEAST2	0.113342609107696	0.6693340870528607	0.2250155778582558		2.97461221762386	4.44413675496694	8.82280730850142	0.6180248881712961	-0.2374931152957156	0.07028450321004462		-0.2875661729032422	-0.0656689908143531	-0.3819625351188465
62	PhyloDeep	0.152185031850092	1.34273121551535	0.3466401689472952		3.8735592	2.88483588914949	6.57094845559475	-0.09884696511039853	0.102541643511889	-0.11364507036233408		0.24390535511840397	0.12821621064237887	0.10968943263061633
62	BEAST2	0.166995506978948	1.1623013960959958	0.3132490515081875		3.71047059999036	3.19234805400157	5.98818506012897	-0.011147771252277488	-0.04561264629868691	-0.199025774041726		0.1915331639535563	0.24847962342810012	0.011273445038794612
62	PyBDEI	0.1703192122177549	1.141350263686802	0.3106553907692362		3.674007590406277	3.219000956409698	5.871328237013504	0.0085333171347832	-0.06281601186653211	-0.20565773475406537		0.17982389850967853	0.2589031753086838	-0.00846111575076807
63	BEAST2	0.0300623550391883	0.3945434979335987	0.108485670170056		3.63682592654988	9.21780727751837	33.2641936633518	0.39511848274834804	-0.20749103664771387	0.033936507622929685		-0.2335032591369635	-0.03282262244608379	-0.28321500118755166
63	PyBDEI	0.029457839502416	0.3865061430880223	0.0994260223743236		3.887374088373828	10.057729114769913	33.946820842648144	0.3670644331783731	-0.22363545618604896	-0.05240762047739909		-0.1806977761840122	0.05530608055733998	-0.26850558340177344
63	PhyloDeep	0.0298356852675748	0.3830454990850833	0.096125522281052		3.984847	10.4030644127602	33.516910740669	0.3845993072730364	-0.2305867591619304	-0.08386345731278144		-0.16015440386078184	0.09154034732289186	-0.27776939165924175
64	PyBDEI	0.0392947922848801	0.1856717641500383	0.1585191351618326		1.1712892829025692	6.308386675079304	25.4486648701482	0.041996781836054764	-0.06315525342376037	-0.14351761594102358		0.09382838925001157	0.1675663371625645	-0.040304137755642136
64	PhyloDeep	0.0402972143448478	0.171631164845605	0.1542793924343879		1.1124698	6.48174707082335	24.8156111100482	0.06857843553090645	-0.1339999602501086	-0.16642503942205242		0.03889881618980307	0.1996521576255887	-0.0641772594791656
64	BEAST2	0.0393018947853653	0.1860123935747374	0.158711355734752		1.1720169153215	6.30074637930294	25.4440658767517	0.042185121873454884	-0.06143653820327721	-0.14247904394533917		0.09450790114206352	0.16615225894987545	-0.04047757062355995
65	PyBDEI	0.6573332083274877	1.6923019258374012	0.4205198436766076		4.024309319250181	2.378009064345201	1.5212984637492917	0.2097777498094428	-0.09668591116535313	-0.06717842943761414		-0.03163250364155871	0.07201637650500847	-0.17340189125026112
65	PhyloDeep	0.6640465903122685	1.69516187748064	0.4421858656775031		3.8335958	2.26149245740325	1.50591843191266	0.2221332797724341	-0.09515933096516511	-0.01911759955141009		-0.07752380038522332	0.019490205495242826	-0.1817586374980281
65	BEAST2	0.6803821666217467	1.6526236535965375	0.4174575428119887		3.95878259251105	2.39545318372741	1.46976221461716	0.2521978140134535	-0.11786531289536843	-0.07397140328896262		-0.04740016643363224	0.07988025807376335	-0.2014041321515546
66	PyBDEI	0.0613312039030106	0.4564972134502916	0.1595405372669087		2.8613242832859407	6.267999450992295	16.3049139159473	0.1956689324203969	-0.0648402558269809	-0.018962076035045197		-0.046764940142696214	0.019328586155372692	-0.16364808611720363
66	BEAST2	0.0614488325806004	0.4566630968385879	0.160080433620347		2.85271026889912	6.24685964039577	16.2737021681955	0.19796213631018592	-0.0645004345479215	-0.01564217498163932		-0.04963465350150609	0.015890740728705235	-0.16524907616857176
66	PhyloDeep	0.0602246210759575	0.4809507441438768	0.1731437313026126		2.7777543	5.77554839829717	16.6045046383731	0.17409579145369286	-0.014745848164117243	0.06468593885005591		-0.07460583831882471	-0.060755887243070086	-0.14828073886385318
67	BEAST2	4.623376164641869	0.1048985489013783	0.100627479420752		1.04244436514968	9.93764333317658	0.216292156292124	52.47161657957935	-0.7690361962233202	-0.7152311022000134		-0.18894301463040294	2.511619449053635	-0.9812984894797084
67	PyBDEI	0.0936905229383458	0.4673330363815376	0.3570845611220797		1.3087461270042595	2.800457115417322	10.673438130536024	0.08357692329098469	0.028965765910296887	0.010524932925589536		0.018248765947139138	-0.010415312460543403	-0.07713058620439153
67	PhyloDeep	0.0990268595112568	0.4122403143504912	0.3274909854254478		1.2587837	3.05351916389664	10.0982703575117	0.14529427723429852	-0.09233643296630344	-0.0732228662004651		-0.020623692653569867	0.07900806302834787	-0.12686196039079217
68	BEAST2	0.0917490020225592	0.8308810749566777	0.2633363727725042		3.15520817048116	3.79742452389552	10.8993011145137	0.26961553582951064	-0.16535187502310897	0.05018061683067531		-0.20523373636835598	-0.04778284423313264	-0.21235998475188525
68	PyBDEI	0.0936348414412308	0.8175925128579828	0.262616174984858		3.1132603043400646	3.807838569188125	10.67978526591132	0.2957116346561382	-0.17870068482707877	0.04730848128438761		-0.215799996037744	-0.04517148684442047	-0.22822333823884824
68	PhyloDeep	0.0869106893152879	0.919556267722549	0.2884162340654054		3.1882958	3.46721121035519	11.5060645345048	0.20266334185531804	-0.07627464651858705	0.1501986429214365		-0.19689928416607655	-0.13058495925533425	-0.16851211374138586
69	BEAST2	4.640467415410896	0.2082074461924316	0.1009467392174669		2.06254751571416	9.90621398721682	0.215495533204052	57.671865786991965	-0.8210912160304304	-0.6777783721414836		-0.44476481867900514	2.1034540004219924	-0.9829560559122067
69	PyBDEI	0.0919361627755693	1.0571168193313456	0.2995557152132012		3.528948925507796	3.3382771525099275	10.877112659587036	0.16239717262654782	-0.0916391890924359	-0.04381923637590544		-0.05001141471962304	0.04582735612649512	-0.13970885034036734
69	PhyloDeep	0.1010281095603826	0.965496278578882	0.286242359057301		3.3730028	3.49354303567564	9.89823529660642	0.2773514291157737	-0.1703670147894474	-0.08631542125586321		-0.09199191437499551	0.09446960500800393	-0.21713008870845052
70	PyBDEI	0.3088892665551397	1.3072991987715683	0.3439755508117543		3.800558486457682	2.907183367073855	3.237406113693789	0.134357723919095	-0.06270236837738587	-0.11052553088308276		0.05376563821238925	0.12425936293912276	-0.1184438745256677
70	BEAST2	0.305423346121126	1.3183397666771484	0.3444994743134033		3.82682664263751	2.90276204918172	3.27414394708195	0.12162955871394157	-0.054786584324742954	-0.10917073523732437		0.06104890472706904	0.12254956090425276	-0.10844004401364198
70	PhyloDeep	0.3287050404310168	1.2624806231775734	0.3317206051363995		3.8058553	3.01458511927172	3.0422411493561	0.20712870881676157	-0.09483605651582012	-0.14221517066392958		0.05523426450055236	0.16579352513614026	-0.17158792372670117
71	PhyloDeep	0.1381079195397597	0.4526855768478109	0.1149900772741202		3.936736	8.69640253929163	7.24071438721594	0.05686191485542736	-0.009967316473711022	-0.053432566155190764		0.04591880950829951	0.056448768724438096	-0.05380259621069444
71	BEAST2	0.1556064963992639	0.3974197040256617	0.110956883570162		3.58174897526172	9.01250979501118	6.42646690941581	0.19076864162830004	-0.13083491901261352	-0.08663273355271255		-0.048394755410748884	0.09484983394433086	-0.16020630285278278
71	PyBDEI	0.1592361373423665	0.3950576668355791	0.1077471439467987		3.6665256485187454	9.280988464007548	6.2799815210911865	0.21854423400669878	-0.13600074301383314	-0.1130544481094762		-0.025871142659712968	0.1274649248406513	-0.17934862593219375
72	PhyloDeep	0.0684371716860929	0.1971174949266208	0.1835941345684438		1.073659	5.44679710139215	14.6119422437092	0.005763767142835533	-0.1765759260436058	-0.1524757140819781		-0.0284360134123152	0.17990719158781332	-0.00573073651202333
72	BEAST2	0.0665318916454022	0.2265271037587045	0.2053124478813261		1.10332863933141	4.87062528511674	15.0303858085043	-0.022236537135906783	-0.053722396847766585	-0.05221762018855699		-0.0015876816147486963	0.05509452517881305	0.02274224593212961
72	PyBDEI	0.066440835402931	0.2268062003596349	0.2054635506394253		1.1038756005811683	4.867043312002977	15.050984743576612	-0.02357471443332303	-0.05255651930731266	-0.05152008561067246		-0.001092731307133106	0.054318583692774695	0.024143899980673407
73	BEAST2	0.0521255402131849	0.3117082098542635	0.1284499329831729		2.42669032684585	7.7851344627093	19.1844534542983	0.14546148342009	-0.020388754668198113	-0.06752290256014423		0.050547244561130675	0.07241239784390391	-0.12698941476912412
73	PyBDEI	0.0522394030329346	0.3106013370130446	0.1282946596166519		2.4209997356174453	7.79455671021715	19.14263835230936	0.14796362486329562	-0.0238673447345854	-0.06865010328933555		0.04808371022846828	0.07371032469299975	-0.12889225900421364
73	PhyloDeep	0.0514992703566074	0.3142944732747781	0.1305453620191956		2.4075499	7.66017256019374	19.4177508356038	0.13169917043488874	-0.012260856043677043	-0.05231122015578201		0.042261093477004595	0.0551987332427646	-0.1163729495218062
75	PyBDEI	0.0565392504736594	0.4898933008995006	0.1342642060657524		3.648726010114623	7.448001439119786	17.686828028713972	-0.021766701703271486	-0.03645843664624933	0.05201568533867975		-0.08409962248466571	-0.049443830604041394	0.022251033307872294
75	PhyloDeep	0.0601447226438888	0.4583204093895938	0.1313711329189629		3.4887452	7.61202235057877	16.6265626648726	0.04061461576119914	-0.09855725120279882	0.029347258522345872		-0.12425788155180491	-0.028510551982694754	-0.039029449659892315
75	BEAST2	0.0566886693919362	0.4889155303150462	0.1345400670870569		3.6339771556579	7.43273005321849	17.6402094232652	-0.019181478870826264	-0.038381554590129506	0.054177170740408946		-0.08780186850899975	-0.051392851452434114	0.019556603446621308
76	PyBDEI	0.156086877897825	1.3523992331034496	0.4340169285038039		3.116005723015471	2.30405759389921	6.406688463937394	-0.09598061998545031	0.035633407677514	-0.02004580596702768		0.05681817985328021	0.02045586017090223	0.10617097609556293
76	BEAST2	4.78893686535527	0.3127077321149149	0.114885295207788		2.7219125959448	8.70433416384006	0.208814613371566	26.73642342171301	-0.760536263042598	-0.7406038348326746		-0.07684164566220915	2.855107107520046	-0.9639463248452874
76	PhyloDeep	0.1328046974982836	1.588343779931538	0.4512278624634527		3.5200481	2.21617520367771	7.52985413044538	-0.2308256663701829	0.21631382295234933	0.01881426102419458		0.19385237278639206	-0.018466821425605944	0.30009538316351725
77	PhyloDeep	0.3652043380720637	3.1990347895392515	0.7768938566017802		4.1177244	1.28717712400779	2.73819310383623	0.20346982134928457	-0.010285333011419226	-0.1245532633861119		0.13052527994640306	0.1422739478907273	-0.16906931751820908
77	PyBDEI	0.2947188039765736	3.7203156879470383	0.7585029644099559		4.904813642806386	1.318386409706264	3.3930648011162776	-0.028803468648902528	0.15098810873488872	-0.14527713243969756		0.34662140492419213	0.16996986737276887	0.029657713674936498
77	BEAST2	0.3304969005515915	3.4487686908027646	0.7875300359029654		4.37922178656777	1.26979283888953	3.02574698380234	0.08909726528174942	0.06697712932034415	-0.11256783142505623		0.20231964436641647	0.12684668801878088	-0.08180836379081366
78	BEAST2	0.0272468019403406	0.4192932790951387	0.1044446887394469		4.01450072910006	9.57444569052861	36.7015550004581	0.09061746264682662	-0.1464357375158185	0.01721500961201029		-0.1608811761342861	-0.016923668496178747	-0.08308821905978596
78	PhyloDeep	0.0298473538943148	0.3873166444192075	0.0909483583973093		4.2586436	10.9952506853558	33.5038075248096	0.19471068355894414	-0.21153125407832993	-0.11422939377888504		-0.10984995394524907	0.12896047009982847	-0.16297726825286077
78	PyBDEI	0.0281982591730441	0.4109403967628279	0.0951226980423405		4.320108714535326	10.512737975061269	35.463182101537	0.12870178077047825	-0.16343987806150626	-0.07357437346725394		-0.09700239503367893	0.07941746359350357	-0.11402638231209689
79	PyBDEI	0.1462587893629541	0.1782222133061961	0.1655823326511578		1.076335925775774	6.039291656234601	6.837195934381841	0.08961727538997423	-0.20413258666484235	-0.1785722882809982		-0.03111691755608534	0.2173925784744946	-0.08224656254454142
79	PhyloDeep	0.1343792540816945	0.1991902219996518	0.1881548461930087		1.0586505	5.31477142488375	7.4416248760546	0.001115607063271906	-0.1104980473328727	-0.0665936257657668		-0.0470367706703581	0.07134473001686957	-0.001114363871066844
79	BEAST2	0.1484660512488179	0.1761603421531374	0.163805955448689		1.07542086409867	6.10478414695516	6.73554655484219	0.1060612148798509	-0.21334005879064247	-0.18738461407210688		-0.03194062673191713	0.23059446980337403	-0.09589090861609556
80	PyBDEI	0.0478568076257297	0.8444170787899885	0.1982055398060381		4.260310179101584	5.0452676599180295	20.895668758781973	0.02847810239132061	-0.05776333398316256	-0.04566844993837917		-0.01267367095219952	0.04785386162223197	-0.027689556369850862
80	PhyloDeep	0.0516513311952608	0.7876714065637956	0.2057830685471892		3.8276784	4.85948628844887	19.3605852329272	0.11002521332256265	-0.12108258030384242	-0.009183724252831519		-0.11293602940326025	0.009268846785854325	-0.09911956233249285
80	BEAST2	0.0484918951271529	0.8437690332902587	0.2006706771348312		4.20474503468849	4.98328910968939	20.6220028600213	0.042126601334760524	-0.058486450848548144	-0.033799163487536		-0.025550885931874937	0.03498150923728786	-0.04042368871575159
81	PhyloDeep	0.0352090988092686	0.3890664244654785	0.1329058201121378		2.9273844	7.52412497177521	28.4017493721468	0.06192698029339532	-0.05351503475893394	0.127464010276335		-0.16051868918717146	-0.1130537286463754	-0.05831566712457655
81	PyBDEI	0.0359678318502521	0.3727430081606487	0.1300952324849105		2.8651550179126075	7.686676759011808	27.80262107995234	0.08481081186844065	-0.09322513859304966	0.10362128920698625		-0.17836410888873058	-0.09389207169195182	-0.07818027893948207
81	BEAST2	0.0358362157723395	0.3756909181847062	0.130910752621008		2.8698247520763	7.63879192486992	27.9047320831196	0.0808411941019391	-0.08605373458282929	0.1105394934085011		-0.17702497674165626	-0.09953675133986502	-0.07479470114859067
82	PhyloDeep	0.0491933416047088	0.6644227864462058	0.1388072314345491		4.7866583	7.20423561269229	20.3279542999022	0.2784720988432914	-0.09175129086241032	-0.13147514829916074		0.045737156926434874	0.15137753173290466	-0.21781632864357656
82	BEAST2	0.0503020358677235	0.6488747963475102	0.136074649635993		4.76852079416177	7.34890740248131	19.8799110761569	0.30728564627012944	-0.11300498989996974	-0.14857307019288007		0.04177467149291071	0.17449890882184937	-0.23505623820383914
82	PyBDEI	0.0364059835377228	0.8635942736475225	0.1210121194943614		7.136427964868109	8.263635115048082	27.468012200901764	-0.05385500017604868	0.18051096419234766	-0.2428201899019751		0.5590893318187096	0.3206902596498696	0.0569204510789235
83	PhyloDeep	0.0531344684440908	0.7578151899242325	0.2196357464081182		3.4503272	4.55299292739826	18.8201751006923	-0.17369030343103228	-0.06561829855523119	0.05886200669255463		-0.11756046062754726	-0.05558987509280375	0.21020000630784522
83	BEAST2	0.055879213941617	0.7252984232502911	0.207616323788834		3.49345566867849	4.81657695190238	17.8957420740529	-0.13100596150322402	-0.10571128187655732	0.0009164756846260213		-0.1065301252916736	-0.0009156365260142526	0.15075588059250966
83	PyBDEI	0.0570208874466449	0.7064268156923159	0.2051144371416786		3.4440618882637013	4.875327226767906	17.53743311932335	-0.11325146211431837	-0.1289798637332787	-0.011145097893664462		-0.1191628474396166	0.011270711071891856	0.12771542018478957
84	PhyloDeep	0.0427969005144877	0.5968728848357676	0.1449711465010472		4.117184	6.89792433967387	23.3661781105264	-0.29214514107603534	0.36924518803986267	0.14163363896650136		0.1993735479618605	-0.12406225091152676	0.41271898807070995
84	BEAST2	0.0481578156393522	0.5225259439770767	0.129703349427491		4.02862336465095	7.70990112756523	20.7650614282191	-0.2034763409107125	0.19869096518509644	0.02140122615351348		0.17357502075774559	-0.02095281032127618	0.25545548909791077
84	PyBDEI	0.0478705656143598	0.5229639482830168	0.128899579347019		4.057142396680064	7.757977218124461	20.889663348787085	-0.20822741688753632	0.19969576085178892	0.015071615165336477		0.18188287695975067	-0.014847834320420595	0.2629889204662685
85	PhyloDeep	0.1876727844481246	0.6747477976038309	0.1439180886599813		4.6884155	6.94839689236413	5.32842310056104	-0.10515228240854513	0.192120352630849	-0.014682120713250113		0.20988401579985358	0.014900897488917443	0.11750857753939362
85	BEAST2	0.2044877159960282	0.6165726096331738	0.1336026137861131		4.61497415477407	7.48488350385808	4.89026930116146	-0.024976549089805872	0.08933850459188057	-0.08530577838681		0.19093187521255048	0.09326152540502702	0.025616357295293563
85	PyBDEI	0.1880746413070222	0.6663748001177359	0.1234410877455017		5.398322489604106	8.101030364068874	5.317037922021349	-0.10323617776907683	0.17732723918735563	-0.15487544389499563		0.39308132828775083	0.18325753615393978	0.11512081019532089
86	PyBDEI	0.080786625514987	0.3494274675155682	0.2434660393334961		1.435220569045885	4.10734902796942	12.378286549603258	0.058544376181044216	-0.03718826614644272	-0.022994687835835994		-0.014527636783434574	0.023535888238826578	-0.05530649210216238
86	PhyloDeep	0.0838529741010764	0.3254489036437188	0.2261219292484499		1.4392629	4.42239283612894	11.9256354437065	0.0987226362646205	-0.10325875230747976	-0.09259489874918961		-0.011752031748103096	0.10204361714690843	-0.08985219108641712
86	BEAST2	0.081453790553655	0.3493411169664391	0.2441506795009327		1.43084228837915	4.09583132041285	12.2768994936004	0.06728621674146722	-0.03742619627402343	-0.020247294062405923		-0.01753391657661022	0.02066571895101778	-0.06304421034022051
87	BEAST2	0.0384986424381603	0.1292554653538953	0.110172420051007		1.17321072999988	9.07668180055431	25.9749418854517	-0.008569742119270002	-0.005463725414758477	0.026759063058782805		-0.03138300856828803	-0.02606167700050868	0.008643817405358106
87	PhyloDeep	0.039231712740611	0.1193367864479883	0.1027071175676919		1.1619135	9.73642356714882	25.4895830475645	0.01030853599588245	-0.0817814729148697	-0.04281431092783101		-0.040710138515349534	0.04472936799685364	-0.010203354350285576
87	PyBDEI	0.0388731288968835	0.1243818072488597	0.105541247308511		1.1785137130820074	9.474968559703182	25.724710831809865	0.0010741617389285884	-0.04296333722701981	-0.016401453736138067		-0.02700480149322656	0.016674947109710292	-0.001073009153550471
88	PyBDEI	0.5300165025771703	1.9451633800247383	0.3878985573601028		5.01461875306476	2.577993604321805	1.886733705719664	0.07032152488825603	-0.004215511901933537	-0.14912590780099766		0.17030768386020204	0.17526201487178425	-0.0657013086750707
88	BEAST2	0.5661022589036955	1.8756772169656624	0.4038434549521016		4.64456510057376	2.47620702462197	1.76646530599716	0.14319352330783158	-0.03978745615208734	-0.11415001009173364		0.08394486062741505	0.12885930054992092	-0.12525746550199215
88	PhyloDeep	0.5812601102935566	1.854815197110988	0.4113872962769573		4.5086837	2.43079941711854	1.72040018279418	0.1738034657053583	-0.05046731778993821	-0.09760223228440087		0.05223296885339566	0.10815876964265864	-0.1480686254414122
89	PhyloDeep	0.0681539759701969	0.78542131069229	0.2354350363188677		3.3360426	4.24745617999533	14.6726582824352	0.18372531505892203	-0.15992050964968957	0.19383556331156188		-0.29631892685452704	-0.16236370340140047	-0.15520941617251596
89	PyBDEI	0.0647073590294623	0.8538562703583835	0.2344405258145515		3.642101839652952	4.26547413901906	15.454192768780487	0.12386310355944087	-0.0867230992206779	0.18879263500869206		-0.2317609700091688	-0.15881040094710216	-0.11021191385956974
89	BEAST2	0.0646253604138108	0.8580213955509554	0.2350090659068238		3.65101402467232	4.25515499217583	15.4738015168778	0.12243891904540878	-0.08226811919736168	0.19167556777832384		-0.2298810971566758	-0.16084542887429548	-0.109082923772403
90	BEAST2	0.2185371628164849	1.6896454274551431	0.3788502224814625		4.45992988043664	2.63956556089638	4.57588076605416	-0.21652352256930155	0.16363602569581598	0.08465971866860648		0.0728120586280748	-0.07805186936648144	0.2763625058398177
90	PhyloDeep	0.2020176416111349	1.8349753874149244	0.4098761570869598		4.476902	2.43976133451412	4.9500627372183	-0.2757475745154589	0.263722809747804	0.17348791383292617		0.07689461037578692	-0.14783954038884659	0.38073407117826
90	PyBDEI	0.2019053816719588	1.781162549968032	0.3608332686591386		4.936248136395118	2.7713630833321266	4.952814985510031	-0.27615003705578267	0.22666263411531656	0.03307663146283531		0.18738784399601002	-0.03201759719992787	0.3815017630622767
91	BEAST2	0.024976200554357	0.1549397630423005	0.115226241942042		1.34465691522105	8.67857862189928	40.0381153980424	0.005344701038819114	-0.005808932543709392	-0.040665954943795116		0.03633460375946925	0.04238977565047474	-0.005316287073777097
91	PyBDEI	0.024941855663087	0.1542440778623764	0.1137951036973764		1.3554544338969876	8.78772431772963	40.09324781234943	0.003962246795192256	-0.010272886651173981	-0.05258111956384979		0.044656311781752285	0.05549933682938982	-0.003946609354925564
91	PhyloDeep	0.0251755152717932	0.1569730825208466	0.1149854877501485		1.3651556	8.69674964698933	39.7211333791608	0.013367538402630278	0.007238125378429779	-0.042670391510333486		0.05213305474537839	0.04457230940308259	-0.013191204470299192
92	BEAST2	0.0312435358375526	0.5073196560309067	0.1394993850775898		3.63671607404387	7.168490380397	32.0066206718532	-0.058369799222822524	0.040693291836074674	-0.03562351227430818		0.079135902919369	0.036939424309606735	0.06198802796962558
92	PyBDEI	0.0313802489283033	0.4990885147487402	0.1369699690781874		3.643780590063814	7.300870451603618	31.867178692073782	-0.05424948531975513	0.023808289619673743	-0.05310967765162587		0.08123218228752802	0.05608852091751108	0.057361306684664985
92	PhyloDeep	0.0319777774389371	0.4716634501710951	0.1307810457685379		3.6065123	7.64636797422345	31.2717168011298	-0.03624093166681282	-0.03245028501830093	-0.09589446928955153		0.07017342789773189	0.10606557092311669	0.03760372572108709
93	BEAST2	0.0281571131406411	0.3771878786748758	0.124297889560164		3.03454773053331	8.04518888887465	35.5150045036623	-0.015107354268326637	0.1188858778598308	0.14393551956246886		-0.02189777419641564	-0.1258248538497359	0.01533908729423087
93	PyBDEI	0.0287903706100116	0.3698074330175831	0.1235873322264391		2.992276201415325	8.091444179471242	34.733835612809315	0.007043021067468679	0.09699260693270559	0.13739613441594892		-0.03552282820443289	-0.12079884066645126	-0.00699376384139333
93	PhyloDeep	0.0306698368057667	0.3382188630264225	0.1220367684814946		2.7714505	8.19425171973181	32.6053251060003	0.07278386690115263	0.0032886284563402885	0.12312602130731673		-0.1066998632188097	-0.10962796602646481	-0.0678457880909408
94	PhyloDeep	0.1482195548697861	0.95724039469231	0.2381676975408606		4.0191865	4.19872220425038	6.74674809864677	0.5936800477646735	-0.1987773926142859	-0.08029984390860984		-0.12882192953972152	0.08731089516160784	-0.3725214785724278
94	PyBDEI	0.1289374448543225	1.0507562165884066	0.250996044713116		4.186345716281712	3.984126527344214	7.755698906006944	0.3863557575423462	-0.12050343858261069	-0.030762341474243404		-0.09258936270064735	0.03173869814451251	-0.2786844252930115
94	BEAST2	0.1307641765773239	1.0440735765379268	0.2520528426993279		4.14228050497885	3.96742202662992	7.64735439150398	0.4059970653449749	-0.1260968948503925	-0.026681446865479793		-0.10214070990915632	0.027412861677765528	-0.2887609621328476
95	PyBDEI	0.0248206008708519	0.3815814961371728	0.1161839587983789		3.2842872637810023	8.607040165806023	40.28911327341589	0.1943447352678315	-0.124978208818547	0.12633706872248637		-0.22312617112573646	-0.112166306366691	-0.16272080374202214
95	PhyloDeep	0.0265612508276142	0.367742903546621	0.1124399007594758		3.270573	8.89364000897809	37.6488293601126	0.278103227764467	-0.1567121115329019	0.0900405661736008		-0.2263701786555386	-0.0826029498055037	-0.2175905840179289
95	BEAST2	0.024814502485266	0.3816945401518356	0.1162532433890209		3.28330228924936	8.60191054329277	40.2990146827955	0.19405128650097647	-0.12471898247451836	0.12700874322504643		-0.22335915955649258	-0.11269543735889662	-0.1625150349024123
96	PhyloDeep	0.2476548287336022	1.5133087442013091	0.5056718065592499		2.9926698	1.97756724228767	4.03787806243698	-0.1500216511360277	0.1660060527346933	0.14023824030787016		0.02259862151252332	-0.12299029742240988	0.17650055596891034
96	BEAST2	0.2728495506156342	1.4072764089538867	0.4686616885932813		3.00275538454598	2.13373532409181	3.66502344513189	-0.06355062121554005	0.08430802174278215	0.05678420700859002		0.026044877044579466	-0.05373302007353765	0.0678633812518841
96	PyBDEI	0.2737294861397936	1.3987062666199697	0.4658715809705462		3.0023429712240803	2.1465142774253554	3.653241797594653	-0.06053058664663497	0.07770471764344641	0.050492799489424235		0.02590395495071264	-0.048065821597221434	0.0644306092207684
97	PyBDEI	0.0422811601572125	0.3012480451581689	0.1350514940018535		2.230616161521578	7.404583025096157	23.65119585843282	0.08004979180839306	-0.06738019217138508	-0.10876746661315445		0.04643824466830231	0.12204162498401881	-0.07411676055634597
97	BEAST2	0.042092605512199	0.3041177392209582	0.1361553761603531		2.23360801311872	7.34455023518336	23.7571418502517	0.07523326349332037	-0.05849603983120878	-0.10148272163531205		0.047841797636145086	0.11294465234993802	-0.06996924857858024
97	PhyloDeep	0.0444623695809588	0.2900156463995617	0.1306927107863084		2.2190652	7.65153614140783	22.4909290580917	0.13576762867115072	-0.10215405291529957	-0.13753197185899066		0.04101939757691138	0.15946326979265654	-0.11953820943990119
98	PyBDEI	0.0228532407774869	0.1326395299516437	0.101963038465832		1.3008589381738698	9.807475483727387	43.757470099606806	-0.002493125736630844	0.09519888585028129	-0.051653040760735465		0.15485042175789387	0.054466395718893654	0.0024993569477604585
98	PhyloDeep	0.0235087035087798	0.1228697850138782	0.0982476552207947		1.2506129	10.1783599593565	42.5374372358105	0.02611675881559447	0.014530522695021218	-0.0862094099691752		0.11024400312635957	0.09434263266627256	-0.025452034177612694
98	BEAST2	0.0227741965900152	0.1363912067900624	0.1062042995751789		1.28423432323957	9.41581465157283	43.9093425775742	-0.005943276248818091	0.1261763199154082	-0.012205539618086339		0.14009175499930604	0.012356355605969755	0.005978809968097301
99	PhyloDeep	0.1034449295405823	0.1930910417738825	0.1347784744071182		1.4326549	7.41958242515309	9.66697937193424	-0.02017388319680891	0.018359611891865787	0.09715831291421863		-0.0718207209432261	-0.0885545064651169	0.02058924828685814
99	BEAST2	0.105527079465222	0.1908673406318226	0.127627434185763		1.49550401799987	7.83530599341588	9.47624064901336	-0.0004518447718960831	0.006631841348043838	0.0389455808043096		-0.03110243698351363	-0.03748567925392198	0.00045204902788566485
99	PyBDEI	0.1057787251359023	0.1911186353600447	0.1279367718844631		1.493852256430542	7.81636104515032	9.453696844192637	0.001931732667888239	0.007957166435897554	0.04146373089555765		-0.032172569687902136	-0.03981293795022798	-0.001928008271326658
