	type	T	sampled_tips	observed_trees	unobserved_trees	mu	mu_min	mu_max	lambda	lambda_min	lambda_max	psi	psi_min	psi_max	p	R_naught	R_naught_min	R_naught_max	infectious_time	infectious_time_min	infectious_time_max	incubation_period	incubation_period_min	incubation_period_max
0	BEAST2			1	0	0.7809485230377046			1.3828551103396454			0.6093322386691236				2.26945994743363	1.911831429293807	2.725585805133661	1.64114080388091	1.3374944529703725	2.0509388681359075	1.28049413053531	0.9364849575983046	1.6643589014470987
0	real	20.8580478		1.0	0.0	0.7299648936648243			1.421061063434435			0.6069550954814479			0.447322979907068	2.3412952193888796			1.6475683414549502			1.3699288947711599		
0	PyBDEI					0.7600750019180698	0.5465891315924744	1.0218281628025603	1.4105678220571032	1.1554185537036163	1.8233772705033564	0.6181869765339788	0.45867350040504923	0.7927130894752388		2.2817818485368413			1.617633560653044			1.3156596355313266		
0	PhyloDeep			1	0	0.7538443437118163			1.409438822375368			0.6644546237820815				2.1211965	1.74129355175	2.6042368932900004	1.50499366579465	1.24132741124	1.90943942761	1.32653379751601	0.901310724321	1.85879604361
1	BEAST2			1	0	0.23926250577391314			0.9975146615185511			0.30521425216347636				3.26824404315258	2.476518913940601	4.353855311931452	3.27638697377863	2.568132159484837	4.255108865634231	4.17950985159761	3.054433154190319	5.94740814993984
1	real	26.8040282		1.0	0.0	0.2523725112488919			0.907081384137969			0.2692907505391973			0.6225767763228239	3.3684089866500497			3.71345840136623			3.9623966772426797		
1	PhyloDeep			1	0	0.23090880619986812			1.0154660675102036			0.3173068691218395				3.200265	2.40815628793	4.2258294837	3.15152332745756	2.48049128156	4.09061294794	4.33071400115606	3.14971494455	5.99190777944
1	PyBDEI					0.2362335647410406	0.1588323526123655	0.36656113739298585	1.000111822267222	0.749530109105593	1.2706531155729823	0.3051623510007886	0.21032927770157284	0.4241823158302621		3.2773106478807983			3.276944212549391			4.233098717771967		
2	PyBDEI					0.0278164962464376	0.022488844077777903	0.038343333231775384	0.5142824118156485	0.3886064940955889	0.5899655940776515	0.1158240926173439	0.09310865215137032	0.14166595016014738		4.440202380990964			8.633782293497168			35.949890710195554		
2	real	219.89081170000009		1.0	0.0	0.030297118608495			0.4991666375631278			0.1276765447281153			0.997036566631611	3.9096189407858226			7.832292157729365			33.00643909152504		
2	PhyloDeep			1	0	0.029024925424606756			0.5167145111489571			0.11515428405452065				4.4871497	3.7550780322199993	4.961333428580001	8.68400171309773	7.52862300125	10.0	34.4531462310742	28.8964602239	38.9493590571
2	BEAST2			1	0	0.02859590928925648			0.507670787401602			0.11733639298483				4.32662684174412			8.52250503498336			34.9700367938886		
4	real	292.8276159999999		1.0	0.0	0.046772137207395			0.2622941833873122			0.1425560999861663			0.6549452351128721	1.8399365822491307			7.014782251317484			21.38025028802603		
4	PyBDEI					0.0419548923259271	0.03323164021936698	0.05199998745975414	0.2973973596040526	0.24693988334779074	0.3607620611710946	0.1542343739943892	0.1250810988646958	0.18565036250351613		1.9282171146548144			6.483638984629836			23.8351225461738		
4	BEAST2			1	0	0.0419376757961771			0.2978749156050028			0.1543378948510991				1.93001800298225	1.6587180756447797	2.2531015600745734	6.47929013781594	5.603688778635027	7.49359647095298	23.8449074970234	20.38355020624422	28.348718420276985
4	PhyloDeep			1	0	0.042640349718107526			0.2858134287972129			0.15107745929106395				1.8918337	1.6278741922	2.23270941381	6.61912110974419	5.60061068051	7.92032074296	23.4519652538249	17.9945734949	30.0683197679
5	PyBDEI					0.7249879015713365	0.5095080804449635	1.533831128495014	0.2900410489080379	0.24830854799557925	0.34208011929885845	0.2108792295213958	0.17761227309608646	0.25519684841165313		1.3753893617987174			4.742050709638712			1.37933336243626		
5	real	105.7528908		1.0	0.0	0.9240026020199156			0.2873148575232717			0.2058475154582212			0.4271495730639	1.3957654863295403			4.857964876447391			1.0822480345985501		
5	PhyloDeep			1	0	0.7035399870295974			0.31321054834681317			0.2265404691275326				1.382581	1.23618078605	1.55709695606	4.41422234116167	3.63266010576	5.36361556859	1.42138331642254	0.558679358972	2.40599278785
5	BEAST2			1	0	1.0814702670993803			0.26143994326784475			0.18927598520763692				1.3812631485238	1.248310620143565	1.5366422842041898	5.28329042325678	3.983444310177657	6.426902800379884	0.924667122547999	0.2961333783676927	2.01569578155052
6	BEAST2			1	0	0.7084038268033693			0.5286140175813017			0.11716154910220809				4.51183875283311	3.684255336234378	4.97406461367213	8.53522343860127	6.1399634246673385	9.932251112721758	1.41162422076747	0.5991938915692463	2.744374206325778
6	PyBDEI					0.5182718918066028	0.3367285416566324	0.6066895142562176	0.5942953019099325	0.525135557746927	0.7441016188898993	0.1087422050625352	0.0657735331784078	0.17547579823921655		5.465176116009108			9.196061450334962			1.9294891654536372		
6	PhyloDeep			1	0	0.38264679152192443			0.7766959063957058			0.1721558463909822				4.511586	3.58128609349	5.0	5.80869032892967	4.2409180612	7.54143371625	2.61337615303826	1.4681040498	4.7146507386400005
6	real	35.586895		1.0	0.0	0.4975835768756962			0.6147459861167709			0.1343323107256829			0.032288791520142	4.5763076864815515			7.444225403388454			2.00971263215509		
7	PyBDEI					0.0472059249502127	0.034439957362063886	0.06238560124439606	0.6027595745074922	0.440056206587654	0.7009974140416636	0.1887776239433995	0.1407233592604491	0.23920348758266807		3.192960913038165			5.297237983564336			21.18378150739937		
7	PhyloDeep			1	0	0.04653760641401248			0.5719003425201449			0.18591547665287744				3.0761309	2.45061254777	4.00203120853	5.37878835050994	4.190994856680001	6.70030071378	21.4879981386172	15.8376252773	26.4677800442
7	BEAST2			1	0	0.046607677606396544			0.6066955646634206			0.18796263724464013				3.22774554324743	2.575996174515491	4.174074075731029	5.32020626364411	4.263246410623023	6.693619648421078	21.455692524417	16.349519135830935	29.266498060532
7	real	94.580591		1.0	0.0	0.0509387700428008			0.630870793527866			0.2150041801769944			0.3157350536397419	2.93422571137233			4.65107236136891			19.631412363505437		
8	BEAST2			1	0	0.06466089883734553			0.37487852717095144			0.18534327390118496				2.02261738060598	1.68501451222016	2.4622347489554173	5.39539406503171	4.631253083136104	6.314823873914596	15.465296925666	13.079834880157186	18.62637598166477
8	real	126.1754581		1.0	0.0	0.054506245629029			0.4189545259980157			0.2118551247988797			0.969111940083884	1.97755200114107			4.7202067967406			18.346521365753706		
8	PhyloDeep			1	0	0.06821886883888857			0.35279910813766363			0.17791681981235055				1.9829441	1.6443576325	2.40062722031	5.62060406123886	4.75401866922	6.61485147042	14.6587009872838	11.8156170158	18.7443816083
8	PyBDEI					0.0653119080922822	0.05039382012821155	0.08154947508827942	0.3734829873470627	0.3109781137193499	0.4401509289400033	0.1860470098397154	0.1493744485864348	0.22950085233392248		2.00746568122126			5.374985606388015			15.311143545018682		
9	real	726.0702309999999		1.0	0.0	0.040174735893102			0.1952277932119866			0.1653904539507312			0.488340826384015	1.1804054499429801			6.046298175696971			24.89126506421415		
9	PhyloDeep			1	0	0.0402098160436962			0.15428961319353343			0.14295801735619143				1.0792652	1.0	1.28650450395	6.99506063733676	5.41246450091	8.788128626679999	24.8695492392528	17.3258513949	34.0557627712
9	BEAST2			1	0	0.03904965812049377			0.179356497910516			0.15863604479116797				1.13061629938281	1.0167997820303212	1.2887846824530629	6.30373759832718	5.0947112513164345	7.781983503603009	25.6084188218587	22.29258487575465	29.563101154585176
9	PyBDEI					0.0391331173372752	0.031668611680612975	0.04753830191024577	0.1784870268448951	0.1339108533540512	0.21544752212118723	0.1581494609774115	0.12628638041650264	0.1934058913787649		1.1285971241494683			6.323132521727849			25.55380373562714		
10	PyBDEI					0.0925571704709407	0.07502075417553479	0.1454123027333476	0.2065665680305027	0.1576332760050674	0.24917630351713035	0.0929320995163913	0.06935484780435161	0.1169091905731248		2.222768764565234			10.760544582591937			10.80413321746866		
10	BEAST2			1	0	0.08530040450261009			0.22641930648813757			0.10504232618181505				2.15550544926275	1.9375704039216384	2.4299652082801275	9.51997196129421	8.295791501835675	9.980780503203889	11.7232738324166	9.52742380103266	14.505508170184635
10	PhyloDeep			1	0	0.08364696727871064			0.22914140492328897			0.10034819257139287				2.2834632	2.00453895478	2.6556680089	9.96530156025031	7.935643865089999	10.0	11.955006051421	8.267371755660001	16.132145793499998
10	real	165.941217		1.0	0.0	0.0818265224793332			0.2376218173182294			0.1047980768032791			0.097229373886524	2.2674253628172907			9.542159842085102			12.220976398606803		
11	real	41.7766849		1.0	0.0	0.1769383037796349			0.5313673599444806			0.1162934665687773			0.9794623100045532	4.5691935722822725			8.598935344390894			5.651687501454941		
11	PhyloDeep			1	0	0.17463446045680528			0.5746480845953242			0.141431584945812				4.0630817	3.18878016881	4.67407983158	7.07055641342872	5.94451940516	8.56463399477	5.72624668341071	4.7264550091	7.06109787221
11	PyBDEI					0.1854393603402704	0.13064735790136436	0.25762905442746653	0.5317077654990283	0.43231295120207086	0.65306915801415	0.1363634495237171	0.10463394205354473	0.17398117166217014		3.899195622845772			7.333343381182756			5.392598411497204		
11	BEAST2			1	0	0.18667888873809818			0.5322448825693955			0.13592230441161493				3.91580237602206	3.1735849678217094	4.777262183538535	7.35714424743484	6.184636106091368	8.763768729755606	5.35679211912898	4.239499278070364	6.844108116949695
12	PhyloDeep			1	0	1.135752199332012			1.2078845589456169			0.5529269195793549				2.1845284	1.82271350371	2.63424519392	1.80855726966732	1.50586966486	2.21279245831	0.880473751746328	0.58682398014	1.2335642589700002
12	real	14.16820073		1.0	0.0	1.0078753755368204			1.251481111615416			0.554108707685908			0.859900914773923	2.2585479965509005			1.80470002750226			0.992186161376722		
12	PyBDEI					1.1139366179401948	0.8319454467920686	1.5427760994674338	1.2074815098400595	0.9715061814846997	1.4143498840035247	0.5532134631028425	0.4318718383964897	0.6929967368568515		2.1826683375845257			1.807620505819288			0.8977171446694359		
12	BEAST2			1	0	1.1473888139977602			1.1846260706979659			0.5418291171772969				2.18634627254691	1.851881217741875	2.6016370637651747	1.8456003346767	1.5491609403183826	2.2618235436887493	0.871544142491485	0.6157635442814575	1.1075156027677548
13	real	147.63531399999997		1.0	0.0	0.0554118989833059			0.3459652947103291			0.1055188323559483			0.82375001633051	3.278706625024802			9.476981290189837			18.046665397648127		
13	PyBDEI					0.0609848396507782	0.04183194057294017	0.0820593715113157	0.3198765965651755	0.24688210149251605	0.41218036602193125	0.1084386821285834	0.08196358440290696	0.14000848537108257		2.949838473561261			9.22180148606222			16.397517903242356		
13	BEAST2			1	0	0.060534323181505624			0.320247585406195			0.11115948349296101				2.88097403247177	2.315377583478196	3.575140637599381	8.99608354210573	7.552759420390125	9.931923781335296	16.5195536588657	13.06191340904228	21.659495270870067
13	PhyloDeep			1	0	0.05711459453114491			0.34039206845558817			0.11380665672638027				2.990968	2.28848371273	3.97558436782	8.78683223604618	7.20488431697	10.0	17.5086597078912	13.2243426378	23.0632518299
14	PhyloDeep			1	0	0.1995797490262211			0.3493241990750855			0.16272560674329822				2.146707	1.78814345344	2.73643507093	6.14531431170211	4.430937188130001	8.53790173477	5.01052839719033	2.22849521454	10.3526013056
14	PyBDEI					0.3000571852163145	0.13942668749888487	0.3752519021825881	0.2257192974056618	0.18581110670172496	0.32081695411544947	0.1034959050581725	0.06391328692352627	0.15360897566642523		2.180949065364379			9.66221803111847			3.332698063134496		
14	BEAST2			1	0	0.2594394772800143			0.24215596433880682			0.11531638697386805				2.09992673802451	1.783849291342495	2.574925659026694	8.67179441050829	5.9783198973154565	9.943302999327	3.85446351682514	1.3753398130063443	6.971964265382052
14	real	109.926551		1.0	0.0	0.164552752962364			0.2933530217922128			0.1234027896112856			0.014676794147326	2.3771992733411			8.103544523993051			6.077078517359822		
15	PhyloDeep			1	0	0.17637344352482162			1.1137206405157178			0.3490357460622928				3.1908498	2.59516106491	4.0666376787	2.86503606373179	2.18744274626	3.69380919024	5.66978780940605	3.73156649293	8.09581348165
15	real	43.224010500000006		1.0	0.0	0.1390087963499249			1.152667875605596			0.2992340417689021			0.025057708098227	3.85206131224802			3.3418657653005206			7.193789359075622		
15	PyBDEI					0.1505843319904921	0.1144304939340224	0.20643750906633773	1.1484801998226877	1.0497984618619012	1.3074830873274588	0.332191094046939	0.2583703837973089	0.46911953694156017		3.457287749142383			3.010315501892109			6.640797131956196		
15	BEAST2			1	0	0.14788966405688195			1.158467975939127			0.33096938787361807				3.5002269647412	2.806103321105608	4.554248239200962	3.02142746924333	2.3265238378216946	3.9237699230968577	6.76179776576797	4.942643602444257	9.427932863838848
16	PhyloDeep			1	0	0.16439804244343914			1.9121801252378106			0.5952694128699227				3.2122936	2.4430982369	4.14131894927	1.67991161376625	1.2305157744	2.25568878777	6.08279749039012	4.28928622575	7.74051525167
16	BEAST2			1	0	0.19012988152107313			1.5793963804238356			0.501720334670946				3.1479616656552	2.454408162829146	4.280312665570743	1.99314225654388	1.4519130290107825	2.724724093576848	5.25956252641521	3.788917440205376	7.651822908941583
16	PyBDEI					0.1921164014709747	0.11246549147136704	0.28352290772691574	1.546611511222725	1.2294661350382605	2.1574710894092513	0.4910703301378001	0.3219018905216998	0.6943683154029899		3.149470485803383			2.036368191332977			5.205177654501724		
16	real	32.883542		1.0	0.0	0.1354283063545529			2.229957450884843			0.558194370222384			0.129623054853193	3.9949479425892997			1.7914906587137398			7.383980697373473		
17	BEAST2			1	0	0.05101086577441406			0.1683648715628363			0.10847224734847502				1.5521469839373	1.3512255833226714	1.7780387205467738	9.21894792856487	8.046594838085857	9.950341498203022	19.6036664898477	17.006403696654186	22.81030415569584
17	PyBDEI					0.0514633034369125	0.041470482014329214	0.06299964423053062	0.1682604537450849	0.14079921643507703	0.20167710466803696	0.1068955259942409	0.08669833933168905	0.12991361961660441		1.574064509997828			9.354928475246714			19.43132160619796		
17	PhyloDeep			1	0	0.05140739744769442			0.16886575809696178			0.10513032179014146				1.6062517	1.38216643218	1.90695177984	9.51200360630661	8.06512004049	10.0	19.4524533364575	15.6300782892	24.1850817533
17	real	249.2050486		1.0	0.0	0.0458908304993859			0.1780435041793793			0.1062917469608581			0.758180898887686	1.6750454223406808			9.408068157617635			21.790845559297118		
18	PyBDEI					0.109663453757695	0.08414964386069987	0.14701782820375714	1.2579963513832566	1.014348107028802	1.4533762621425774	0.4022845100562459	0.3192748094660695	0.4967371411583531		3.127130973070199			2.485802895717222			9.118808187543795		
18	PhyloDeep			1	0	0.10918931379051823			1.2508356749583063			0.40288496930144874				3.1046968	2.5655739359200003	3.95090665668	2.48209805824693	2.09337503344	2.92327386913	9.15840539046265	7.18111661997	11.159648498
18	real	82.33229614		1.0	0.0	0.114416769959509			1.175239501877318			0.3508021480942052			0.638127425862025	3.3501491033108404			2.850609682502451			8.739977543098712		
18	BEAST2			1	0	4.798525003146682			0.2324577866044429			0.10384596264897102				2.23848651093174	1.976799528938766	2.4570917988028333	9.62964735933245	8.701825048565349	9.984664188793388	0.208397371972479	0.2002684883041899	0.2472126834215621
19	BEAST2			1	0	0.0664572803533241			0.6980839640112992			0.18621250796281283				3.74885646323344	2.8141008799198794	4.816442260643654	5.37020853722513	4.264108515926769	6.81677634068793	15.0472603555764	11.082442382500956	21.436160862929647
19	PyBDEI					0.0659646550962407	0.043028694700740895	0.09781841343791994	0.6953824174793852	0.565804912013597	0.8419104638682731	0.1841314435139655	0.12978436167194263	0.25663889168966136		3.776554423344016			5.430902951261308			15.159633572570431		
19	PhyloDeep			1	0	0.058975003527294394			0.7494914787803667			0.2162522305770589				3.4658208	2.63485333536	4.41834719746	4.62422975860895	3.65074687937	5.79700782906	16.9563364169565	12.6339712192	20.3619122387
19	real	70.002354		1.0	0.0	0.0632796277062431			0.7341348163315163			0.1674935987226959			0.5576676637930279	4.383061931500782			5.970377421143182			15.802874262190723		
20	real	178.80397289999996		1.0	0.0	0.0496271699862989			0.4778842627671261			0.2134527356580541			0.5988352752009151	2.23882941248729			4.684877881359061			20.150252377398925		
20	BEAST2			1	0	0.055072842792394376			0.443175033415256			0.20044040853303105				2.21100643657002	1.828559303083692	2.7209434067463607	4.98901397836259	4.148191107406192	6.06561436580088	18.1577697699328	14.81340520678411	22.77331210426609
20	PyBDEI					0.0556602200799645	0.04088874132321613	0.07208481905587652	0.4418445542140773	0.3668234613331202	0.5317538505251003	0.2006993215104098	0.15381656927251586	0.25223988491110727		2.201524902470384			4.982577880554181			17.966152461548734		
20	PhyloDeep			1	0	0.055204940895831035			0.41896792439798797			0.1835135149426864				2.2830358	1.8610267482900005	2.96400692082	5.44918994283507	4.46516503277	6.75828641054	18.1143206345778	13.2891523919	24.3953458167
21	real	102.7905485		1.0	0.0	0.0294704721375339			0.5649532010334002			0.1165741065971485			0.230756691362523	4.846300928436362			8.578234302543313			33.93226940285051		
21	BEAST2			1	0	0.04138616141929442			0.45071399360761283			0.11487209151968698				3.92361615118994	3.010285103626692	4.884011511278204	8.70533466197591	6.952465159422816	9.902822081070124	24.1626661112329	17.309251479740954	33.545233113213094
21	PyBDEI					0.0412926112296644	0.02192653450456981	0.05312330074603445	0.4468865506899244	0.370501347560506	0.6916854261573984	0.1084870417993852	0.07647577605080123	0.1456585521576666		4.119262017636254			9.217690734430796			24.2174076722376		
21	PhyloDeep			1	0	0.048471062682598855			0.4059701739156186			0.10820530290665024				3.751851	2.8872545263700005	4.55048523518	9.24169124005604	7.28911626974	10.0	20.630866018933	14.3740277063	26.7090569636
22	PhyloDeep			1	0	0.3177917346417786			0.28832777812100535			0.24490104345228902				1.1773236	1.01266428002	1.34997751905	4.08328190808553	3.27197169978	5.19145581018	3.14671494249912	1.78099849658	5.18437804484
22	real	110.832469		1.0	0.0	0.6634482255057563			0.190080137895329			0.1648242516504737			0.3600605487413379	1.1532291880105903			6.0670683469602515			1.5072766216801399		
22	BEAST2			1	0	1.9673727460366384			0.173031372730917			0.1421659941082341				1.21710802795206	1.0817732820291532	1.37355176365076	7.03403093174784	3.772312790045263	8.335801583300096	0.508292087513434	0.2086933092993686	3.648506113424366
22	PyBDEI					0.318716006407492	0.2275880437852878	0.4185921474818615	0.2840696086244024	0.2167317101912972	0.3718631900249395	0.2336466698448887	0.17355531534662394	0.31472509115494796		1.2158085061216068			4.279966843370254			3.1375895151041058		
23	PhyloDeep			1	0	0.034690456201908526			0.48396288732337456			0.13505449694477847				3.5834637	2.87949332206	4.408018970380001	7.40441838385347	6.160237882050001	9.17236616168	28.8263721347367	22.6398395657	34.6487025229
23	real	128.3595177		1.0	0.0	0.031543095471824			0.4675801429899097			0.1160298745298559			0.359062840569089	4.029825464213491			8.618470062575891			31.702659014339737		
23	PyBDEI					0.0335349662853192	0.026384004222179992	0.04361906419231943	0.4889129473635857	0.3797582632166299	0.5590911858031659	0.1354845831572804	0.1054138825676159	0.1779873210636078		3.608624213693892			7.380913582168437			29.819621450992013		
23	BEAST2			1	0	0.03354159362275885			0.49088378765293295			0.13593003858014988				3.61129734663827	2.869742154866715	4.662881299043145	7.35672563949402	6.07770098025726	9.000414329332697	29.8137295218279	22.751331012641447	40.82142832046255
24	PhyloDeep			1	0	0.20613382850467132			0.7386224116591988			0.18055376885247648				4.0908723	3.31580841415	4.72355028079	5.53851634532792	4.5807096747900005	6.6852620175	4.85121732446423	3.87489983076	6.069047080419999
24	PyBDEI					0.1918755201519014	0.15053147005881504	0.2422640753315781	0.8007590991415076	0.6426622064311792	0.9507371018774695	0.1763982283462158	0.1362421281008789	0.2257148778650294		4.539496267331337			5.668991176245294			5.211712255989369		
24	real	33.2470758		1.0	0.0	0.241348172642009			0.6913692453613681			0.1741817504927378			0.7447356683104871	3.9692404250478215			5.741129579712734			4.1433916364608105		
24	BEAST2			1	0	0.19642185825643405			0.7889231379783217			0.17889499227835196				4.40997888163798	3.643932194341505	4.958856299765348	5.58987139474563	4.7269307912370735	6.532501218286748	5.09108308452348	4.084805012049489	6.40706985949172
25	PhyloDeep			1	0	0.11355579292888758			0.20995171739934665			0.18323388927295592				1.1458127	1.0319298463700002	1.2754976167899998	5.4575057265217	4.50950734104	6.635239937000001	8.80624382259594	6.15178025742	12.1877753785
25	BEAST2			1	0	0.10694662111424404			0.238223785569618			0.20507363980518392				1.16164996045287	1.0723414773168398	1.2624065514556295	4.87629712404764	4.141641112545282	5.759844071080421	9.35045903817537	8.227259967550618	10.59134840275837
25	PyBDEI					0.1072017672449039	0.09006462891194089	0.12886528856490073	0.2376824398020733	0.20183869575253463	0.2697505665325342	0.2044934869924918	0.17155486694902644	0.24568630021991844		1.162298336723067			4.890131293211876			9.32820442890168		
25	real	409.187554		1.0	0.0	0.122195509556308			0.1999960705141021			0.1753578856212316			0.305363243821061	1.14050229224415			5.702623503113932			8.183606775985476		
26	PhyloDeep			1	0	0.07990203217258111			0.4740208735914413			0.19278267817009684				2.4588354	2.10312938867	2.95403678712	5.18718802691223	4.30057640671	6.24677412847	12.5153262415165	9.98374477321	16.1307653651
26	PyBDEI					0.0813460059161635	0.06189927766544242	0.10173210695469659	0.4663284464802824	0.3741537200252644	0.5823618390960686	0.1944081351548619	0.15606656675420427	0.24170470603543043		2.398708501106776			5.143817665878119			12.293166563464895		
26	real	185.81489599999995		1.0	0.0	0.080845751403843			0.469349431171597			0.2023409901590217			0.25997681994349	2.3195963941993702			4.94215234992223			12.369233789476105		
26	BEAST2			1	0	0.08312828752812117			0.46056015676224465			0.19348965187009393				2.38028314336654	2.0768678256561377	2.7695628200460294	5.16823504686124	4.387868611545485	6.090928669681384	12.0295994268102	10.06138578074792	14.50939438897981
27	PyBDEI					0.0990904981572668	0.07438617886521875	0.13113675644914766	0.2525619004196942	0.22367734515788762	0.30283857383287693	0.1325892645704448	0.10093874034733918	0.16589080229400055		1.904844266524366			7.542088744814619			10.091784970269272		
27	BEAST2			1	0	0.09890187931732135			0.25232154178705407			0.13241408069731797				1.9055491716461	1.6889452450564797	2.1918614703157933	7.55206693075093	5.784790164597209	9.558726616045291	10.1110313262254	7.315842179893577	13.420188702570476
27	PhyloDeep			1	0	0.10217418019763336			0.2705147850246065			0.14688621237087154				1.8416622	1.6291992509399995	2.17021937709	6.80799091935947	4.926411218359999	9.3133848966	9.78720845193689	5.9129276420700005	15.2282419146
27	real	189.531611		1.0	0.0	0.101451189975639			0.244215987670499			0.1214673218114302			0.05227976387643	2.0105488787315804			8.232666902398922			9.856956830571681		
28	PhyloDeep			1	0	0.10109076453237181			0.8461270985530903			0.21723421068473373				3.8949993	2.99239401305	4.65913233466	4.60332650574671	3.77470135459	5.683034652459999	9.8921004764958	7.408844012469999	12.6641384628
28	PyBDEI					0.1088401132781948	0.08085880377749309	0.1612943351347147	0.7848837713965284	0.5840114606956576	0.9261896278971775	0.2033824835916552	0.14672781765864645	0.27623453750693294		3.859151277611461			4.916844274592337			9.18778904101289		
28	BEAST2			1	0	0.10936336039611802			0.7902981537642887			0.2053405316363172				3.8487197216573	2.9707503933972816	4.836171246407423	4.86995914557736	3.928038598852	6.047432349593121	9.14383022227887	6.804787150518743	12.809334854934551
28	real	38.1005749		1.0	0.0	0.1607901496667319			0.5863806506924703			0.1957255557445179			0.611773575618017	2.99593299639357			5.109194842728192			6.2192864554992315		
29	PhyloDeep			1	0	0.031087863224243208			0.3646280624531306			0.12827966616401182				2.8424463	2.37822958029	3.63203149574	7.79546774561645	6.209073335019999	9.81198400953	32.1668939671663	23.315645202600003	41.1493568918
29	BEAST2			1	0	0.030485873808651604			0.3758156173740627			0.13474237014915297				2.78914210101881	2.335750316431472	3.433655613718888	7.42157050446011	6.084414880259695	9.095562024785828	32.8020776532969	26.035585698657044	42.54876034810125
29	real	203.116306		1.0	0.0	0.030004014838639			0.4082159030659851			0.1335711762054686			0.158022100106939	3.056167615369641			7.486645161091713			33.328872998429716		
29	PyBDEI					0.0304243893485617	0.023304399198263662	0.03946376959531089	0.3755329812259289	0.30929426134044147	0.42230058342135174	0.1339436753759398	0.09947867142772204	0.16056144749723483		2.80366340681574			7.465824699772492			32.86836716896253		
30	BEAST2			1	0	4.784719863677891			0.23892149323686307			0.1659463381993429				1.43975152347055	1.2205308366991376	1.701927372585449	6.0260443879078	5.237377699735897	7.0092992423279386	0.208998651643385	0.2003184338173233	0.2523472422582799
30	PhyloDeep			1	0	0.1905485771885382			1.1676810438784901			0.7673349367731837				1.5217358	1.29930899122	1.87033629802	1.30321187277778	1.07052892314	1.62854429621	5.24800559917354	3.94235035802	6.958975646060001
30	real	59.964574082		1.0	0.0	0.1923527847873552			1.237124397373847			0.71918450173294			0.600737301602517	1.72017666453168			1.3904637788918			5.198780985185599		
30	PyBDEI					0.1877373537615115	0.14240797225534685	0.23915573512593521	1.1733661206750123	0.9659586016270918	1.4511658323309926	0.7656709190802047	0.6077875722912297	0.9755666590204485		1.5324679198794295			1.3060441177539996			5.326590473147557		
31	BEAST2			1	0	4.7676687301620495			0.29898596554017803			0.103956802548324				2.87605965373161	2.5157668336676458	3.1645502332653885	9.61938012219213	8.658604565723747	9.985027786880542	0.209746116309136	0.2003679235065798	0.2569434193577575
31	PhyloDeep			1	0	0.13708035160958962			1.3370740139702795			0.33592014727468633				3.9803329	3.1664200637299995	4.68139283792	2.97689795659171	2.4937533217900003	3.54443372932	7.29499150139358	5.811080334980001	9.13088432373
31	PyBDEI					0.1356659972998558	0.1075420617236957	0.16989953471148725	1.3807077369419651	1.1285008814739885	1.598033914321875	0.3308061850445488	0.25824395274279144	0.4167341399700009		4.173766390601279			3.0229180868106584			7.371043739056804		
31	real	37.19900059999999		1.0	0.0	0.141030036025229			1.3415561957918247			0.2775524837643472			0.8219365221323579	4.83352257416964			3.6029221804732203			7.090688112857809		
32	PhyloDeep			1	0	0.24923983023741406			0.9191584430784348			0.5459255335537455				1.68367	1.5130334857299998	1.92050189292	1.831751655744	1.367813529	2.38129422596	4.01219981191388	2.48904120625	5.83057921964
32	BEAST2			1	0	0.2580214780350447			0.8471272326419262			0.4959810008599134				1.70798323156171	1.5424414230206889	1.907637276740605	2.01620626247021	1.57118070561057	2.587387637506747	3.87564635167379	3.0789123272900727	4.775412576980405
32	PyBDEI					0.2582300383520494	0.19730104467745704	0.32951712706235314	0.8424596799642722	0.7402285166596871	1.0673964857732425	0.4925965948150517	0.3885496237392147	0.6791850723605191		1.7102425977600977			2.0300586941236487			3.8725161734928872		
32	real	71.831585		1.0	0.0	0.2358815651400631			1.0073646368569718			0.5789556643538523			0.084442022662682	1.7399685310640298			1.7272479769518403			4.239415655081881		
33	BEAST2			1	0	0.14776009234920207			1.3895808012505557			0.4172119313584936				3.33063533616095	2.641909401938141	4.428394849681384	2.39686338006652	1.8722540688901523	3.0759166411656262	6.76772722662284	5.032531914822119	9.63396677065688
33	PhyloDeep			1	0	0.13253654010279803			1.567851393502739			0.4308887569815786				3.6386454	2.81358377838	4.47016716839	2.32078461968956	1.81858306035	3.02342971678	7.54508906920597	5.62443797395	9.47806905947
33	real	43.032771		1.0	0.0	0.167549028340629			1.374783141757225			0.4346021942934824			0.223869740549289	3.1633138530102496			2.3009547883799			5.96840226352724		
33	PyBDEI					0.1515699553359466	0.10448153009822056	0.2138347101467805	1.3563920629485855	1.1605112758508358	1.8403332654430362	0.4140451635668676	0.31963253692132904	0.5730427432163789		3.275951954766718			2.4151954617349407			6.597613608736333		
34	real	125.226151		1.0	0.0	0.1786418590542569			0.2696828284789141			0.2657302945622936			0.931273334593158	1.0148742314952501			3.7632141327626307			5.597792170849953		
34	PyBDEI					0.1897357459298902	0.1493264755529068	0.2333706255721274	0.2990801896988738	0.23673510148299076	0.3689383666956172	0.2430677169957988	0.19500607435248754	0.3000056685498681		1.2304397860619356			4.1140798636673095			5.270488147075421		
34	PhyloDeep			1	0	0.20961299877452455			0.2628150389301959			0.22982658174488724				1.1435363	1.0	1.39056479388	4.3511067884655	3.65133166816	5.42027414566	4.7706965018695	3.16915867244	6.46870276324
34	BEAST2			1	0	0.19142591192839115			0.29590736830033193			0.24026805553948488				1.23157182770684	1.045779784083288	1.4747670266532582	4.16201811661835	3.555618903580528	4.932221775085411	5.22395317293346	4.411434256516499	6.207413848641501
35	PyBDEI					0.0867149867304552	0.06991722665349209	0.1058768750606419	0.200178135263292	0.16772143588359156	0.23921062223303957	0.1307625988817587	0.1103010255484577	0.1539375095870652		1.5308516118152553			7.6474466594553085			11.53203197860594		
35	real	386.227757		1.0	0.0	0.1020712643303169			0.1792889974537792			0.1202607152379666			0.350139560960445	1.4908359483727502			8.315267359097641			9.797076646017238		
35	BEAST2			1	0	0.08699007658395033			0.20027737358894054			0.13076452542423891				1.5315879665313	1.3815622761169957	1.7081557765127813	7.64733399028294	6.505450229339117	8.967134180298338	11.4955640835072	9.8479516115163	13.400319738845862
35	PhyloDeep			1	0	0.09326412973819524			0.18521600259848267			0.12377656904721239				1.4963737	1.33523663109	1.71351857843	8.07907350880414	6.73370584142	9.86845285253	10.7222358993445	7.62109235265	14.3613001459
36	PyBDEI					0.0602055724926618	0.044928950374126295	0.0830533127060812	0.4255984305603929	0.335738066364819	0.49043303468821764	0.1276474686149182	0.0930400385978627	0.17074360405525607		3.3341705493927285			7.834076232383111			16.60975817681801		
36	real	119.8239405		1.0	0.0	0.052300244692993			0.4425895541035864			0.1125880521142171			0.344795403114044	3.931052592104471			8.881937125846452			19.1203694336439		
36	BEAST2			1	0	0.060071197893508836			0.42829853166388276			0.12808429046796901				3.34388026899357	2.654251058128224	4.328166361558676	7.80735870375983	6.25244973368741	9.513496982218676	16.6469129144511	12.78587554259124	22.499584919576424
36	PhyloDeep			1	0	0.06109566824796488			0.447846596451269			0.13839360666160502				3.2360353	2.57256599937	4.18642568931	7.22576731774296	5.81275779606	9.115749073039998	16.3677725226176	12.107658143499998	21.5241186289
37	PyBDEI					0.2119657050394	0.1659986541038179	0.2575275050625565	0.277945288555417	0.23083011237042306	0.3443400924790675	0.1999106052178131	0.1560099095778201	0.24538112613208216		1.3903478920119372			5.002235868929753			4.717744315355734		
37	BEAST2			1	0	0.2142824262521168			0.2763082823392839			0.1989165514781649				1.38906632095728	1.23495284320083	1.5680483816197297	5.02723374484888	4.272246575797179	5.993168386482108	4.66673827383043	3.7732506289471366	5.577014044736538
37	real	157.64985800000002		1.0	0.0	0.2259720048368999			0.2713654321747468			0.1974622196477747			0.501978464893768	1.3742650754093504			5.064259896317182			4.42532693694412		
37	PhyloDeep			1	0	0.22831166295721098			0.26497856305048567			0.19295886603426796				1.3732386	1.20171794467	1.57545097274	5.18245168284938	4.309128998419999	6.28312502074	4.37997773327688	3.00657917559	6.24061580982
38	PyBDEI					0.0486944129557828	0.03296514696175639	0.06941410111283264	0.6932847713184522	0.5362943165390643	0.8419444557507493	0.2275176673320794	0.16867348028830254	0.2964155553419411		3.047168949330647			4.395263065616893			20.53623689658306		
38	real	206.235143		1.0	0.0	0.050113610275174			0.6417996914954106			0.2085611368640857			0.6273096415059279	3.0772736529224813			4.794757139493711			19.9546589141951		
38	PhyloDeep			1	0	0.05441300455565045			0.5808523424338619			0.22818697563174928				2.5455105	2.02352361959	3.50042961081	4.38237106754862	3.56761426556	5.52998350248	18.3779596103218	13.6206845433	23.5148072743
38	BEAST2			1	0	0.04848563632364782			0.7000004726250695			0.22915623149757008				3.0546866129298	2.3687418499074737	4.035898781407954	4.36383507210278	3.559371071431015	5.415557473818375	20.6246648662064	15.868037509584484	28.17748169728068
39	real	278.17469850000003		1.0	0.0	0.0248272036454649			0.1745867248044645			0.1110981887874855			0.9395324424236692	1.5714632858544908			9.001046829960956			40.27839841651545		
39	PhyloDeep			1	0	0.02692999917999525			0.17001310255519853			0.10965594715454977				1.550423	1.32342185697	1.87126870848	9.11943242431342	7.740742145439999	10.0	37.1333097084846	30.5493073869	46.1481172706
39	BEAST2			1	0	0.027087194305743082			0.1696218636297337			0.11189255837751406				1.5159351621709	1.320776443482458	1.730745352912808	8.9371448334044	7.929817369716251	9.865707989135968	36.917813957128	32.49344744721347	42.39792550554532
39	PyBDEI					0.0270923177623131	0.02221205752410103	0.03239782306097966	0.169789640810178	0.14652338876224508	0.2008683009257109	0.1115653614601458	0.09331309142320558	0.13182859533976743		1.521884916501001			8.963355533583126			36.91083239068799		
40	real	54.15922028900001		1.0	0.0	0.101013532083458			0.4931174510008709			0.1186821873066419			0.629964716453568	4.1549407050174425			8.425864257256036			9.89966373192251		
40	PhyloDeep			1	0	0.08366575093406783			0.5858610325425166			0.15168801686780323				3.8622763	3.02470812366	4.64021793162	6.59247856652714	5.35427389058	8.27741483211	11.9523220533578	8.85550570162	15.9477755696
40	BEAST2			1	0	0.09380385920109138			0.5272984706512711			0.13837811828498403				3.81056251657738	2.958728829666003	4.8091052525093065	7.22657608293633	5.851537633831322	8.97422668600974	10.6605422049455	8.033835547428042	14.818478835609772
40	PyBDEI					0.0927342925970792	0.06327873499927333	0.12547872289867346	0.5286178221464781	0.4088007247490736	0.6781593604481023	0.1381964860389124	0.10110857731866141	0.18380499597634595		3.825117680616231			7.236074003491135			10.78349736644776		
41	real	29.131407280000005		1.0	0.0	0.218092332313404			3.2091423858191845			0.7891899301837478			0.063667672771548	4.06637523247667			1.2671220979304298			4.58521392931401		
41	BEAST2			1	0	0.17906516309333806			4.067847078231261			0.9214124390605253				4.41479505353634	3.564622553208272	4.966262502237277	1.08529031908838	1.0039805192041775	1.3107433912771589	5.58455917792758	4.2491204054523015	6.767263107148824
41	PyBDEI					0.1650127994245733	0.12574763660233929	0.21600344251916254	4.403452286388472	4.051688035572928	4.779769655287514	0.969169306180762	0.7826345341147064	1.2624353528672376		4.543532547209222			1.0318114633043154			6.060135962102113		
41	PhyloDeep			1	0	0.2082571834178667			3.481013365092446			0.8556737304975955				4.068155	3.20592681195	4.67729434664	1.16866974450469	1.0	1.50193084769	4.8017551355888	3.68720307831	5.8151653884500005
42	PhyloDeep			1	0	0.2587140129276005			2.842023815837265			0.6497217846590554				4.3742166	3.57258974677	4.84076087436	1.53912031828324	1.25726394868	1.90825214791	3.86527188335888	3.01951798418	4.77528142391
42	PyBDEI					0.2699553570377297	0.19032161432882475	0.37323812498586845	2.625148235750736	2.1874355800130196	3.1942061420768244	0.6498394952260743	0.5096022607641092	0.8449937723129604		4.0396871151044245			1.5388415252478729			3.704316191288758		
42	BEAST2			1	0	0.27263125973525404			2.6048842864055457			0.6470710219868212				4.02565436852247	3.261246375714773	4.898564110694151	1.54542541084519	1.278862716994298	1.8783144335362696	3.66795796260149	2.794269885751259	4.811999624471751
42	real	20.849495		1.0	0.0	0.2466071196833712			2.895548920727044			0.6368477290269376			0.279079521428259	4.5466895597653405			1.5702340676128903			4.05503296613634		
43	real	154.66356800000003		1.0	0.0	0.0251018394172429			0.5101451072539642			0.1061410245495158			0.776957855461345	4.806295298345992			9.421427805546482			39.837718000581354		
43	PhyloDeep			1	0	0.024707775146347706			0.48062729042044333			0.11458623021132194				4.1944594	3.41266092121	4.73303766567	8.72705209130087	7.512868471910001	10.0	40.473089708679	32.669888788200005	46.159000597200006
43	BEAST2			1	0	0.02201189715988688			0.5725733106993067			0.12778382322827095				4.48079652207988	3.750548548128029	4.968819492470666	7.82571670448157	6.797836132595706	8.92939561973391	45.4299778313674	37.82969378401309	49.71728660497105
43	PyBDEI					0.0193380022995877	0.015459306759409507	0.023801416695717094	0.6316225862265706	0.5486369897506176	0.7254372775902262	0.1256157367446946	0.10045742520458226	0.15459244639989256		5.028212249475558			7.960786012284681			51.71164965790268		
44	real	12.679616029999998		1.0	0.0	1.0171827845877903			2.078796588655967			0.8503840099849905			0.8341353021594431	2.4445386604725297			1.17593932653749			0.983107476013022		
44	BEAST2			1	0	1.1109356158376897			1.784118139436299			0.7316719206417234				2.43841274907955	2.06590513063134	2.8917379632486773	1.3667327825331	1.166402942654799	1.61930233883494	0.900142173627191	0.7100657669113071	1.10579685077974
44	PhyloDeep			1	0	1.0693496300119418			1.8730245757840496			0.7600905570412881				2.4642124	2.05247082625	3.01608390806	1.31563271078196	1.10849975674	1.56824912898	0.9351478430762	0.688215580618	1.20440013628
44	PyBDEI					1.1052784217239606	0.8369808313616094	1.3998670685831707	1.796508898926249	1.4799212087904392	2.1956706056657658	0.7384269022120564	0.5796604623657486	0.9191134287309259		2.4328865775942976			1.3542301844696698			0.9047494100538466		
45	PyBDEI					0.3171471398305213	0.1968394732376683	0.4448882913540293	0.5374918980380994	0.435019005155613	0.739570287049275	0.1108741419919984	0.07611925878892944	0.15147854469844707		4.847766019933567			9.019235522671895			3.1531105736422056		
45	BEAST2			1	0	0.3263434382288531			0.5323694405858487			0.11632410695964797				4.57660457922556	3.8693643113836993	4.977375935177998	8.59667033890828	6.832930631056104	9.906147623310122	3.06425649440739	2.051023774810367	4.344782378578767
45	PhyloDeep			1	0	0.3507932380753505			0.551115773798856			0.12126081360901589				4.5448794	3.78831218058	5.0	8.24668720452696	6.40077232702	10.0	2.85068208693692	1.90402044402	4.27187016368
45	real	45.766266		1.0	0.0	0.3605861590513078			0.5117192546458804			0.1071640303132273			0.090006170597913	4.77510273876587			9.33148927935169			2.77326229778473		
46	real	47.6813728		1.0	0.0	0.5087228651887723			0.5836956750750815			0.2607110029969161			0.539501293138565	2.2388609163610402			3.8356647341494403			1.9657068090087302		
46	PhyloDeep			1	0	0.5653354109749135			0.5661721528847031			0.25657888606507956				2.2066202	1.8712079293	2.6325344580400003	3.89743682863428	3.18286439768	4.81912524686	1.76886142383247	1.1337526972399998	2.4972128433400003
46	BEAST2			1	0	0.6141534882410153			0.5325980706629487			0.23236046594855705				2.29211999764565	1.9646342920235915	2.6973397158091643	4.30365809397797	3.482021492388241	6.454409118072801	1.628257461932	0.3639305871074663	2.211776411043005
46	PyBDEI					0.5867517103929544	0.44212966653983776	0.9009020180234985	0.5464994482487923	0.43766003028484957	0.6852715307620985	0.239144780085982	0.17538490767861567	0.3144451910047276		2.285224239694064			4.181567331891838			1.7042983979207975		
47	PyBDEI					0.2129515730369439	0.15967516048458613	0.2625962100638731	0.3592472367911486	0.29575920048664606	0.4423258689721603	0.1589841340644784	0.12408564709032642	0.20069970702115197		2.2596420636882573			6.289935822114392			4.695903325525165		
47	PhyloDeep			1	0	0.18605272038473208			0.3985626145281983			0.1785435378348227				2.2322993	1.93934719796	2.64383130328	5.60087479013179	4.64894869204	6.686996163790001	5.37482063112076	4.02322923358	6.87681519375
47	BEAST2			1	0	0.21589568558097202			0.35588270318354054			0.15758916058876501				2.25829430053397	1.9637902664457256	2.6092052426330445	6.34561410355842	5.370091460271757	7.607965590390454	4.63186652993558	3.597134567854816	5.771279685320473
47	real	90.170499		1.0	0.0	0.2166376585402171			0.3863902700850796			0.1738321219851434			0.434385290645901	2.22277830859191			5.752676712336661			4.61600262271279		
48	PhyloDeep			1	0	0.0629609960897605			0.8097070346272555			0.24513504399412414				3.303106	2.57102441649	4.21337447707	4.07938409664499	3.33622877552	4.9468564197600005	15.8828490987396	12.151618929	18.7790507537
48	real	77.88220340000001		1.0	0.0	0.0576766782506981			0.8820970383435556			0.2174979871765889			0.566260800361252	4.055656099600461			4.5977436986030105			17.3380303847144		
48	BEAST2			1	0	0.05928977650674965			0.8929076815507403			0.25825695786421987				3.45743901320247	2.692871300539015	4.549776057338005	3.87211252029754	3.190220969678576	4.753454969570116	16.8663142099407	12.789025486049614	23.498750998761576
48	PyBDEI					0.0598469904965769	0.03875679852464231	0.07987346308364518	0.8822794938331372	0.7456572143060846	1.2008816918025886	0.2576648984487225	0.19425870469139067	0.3371994476524655		3.4241353756174058			3.881009815541516			16.70927797208444		
49	real	356.04983000000004		1.0	0.0	0.045368502922464			0.1674111459318397			0.1210675748043878			0.257488166109756	1.3827909430112106			8.259849936002496			22.041723565554435		
49	PyBDEI					0.0443445040897383	0.034975817594371086	0.05499040413229905	0.1808251842181058	0.1566114704415663	0.22024249292491357	0.1264838497846314	0.1029541337627719	0.15777085690180306		1.4296306170788078			7.906147715322832			22.55070883138835		
49	PhyloDeep			1	0	0.04625879465612686			0.1689075577482759			0.11830864296551818				1.4276857	1.2675716233399998	1.62788457955	8.45246784118263	6.5057761598	10.0	21.6175109497271	14.507153341	29.4795675328
49	BEAST2			1	0	0.04394410763000602			0.18187354874548867			0.12700800032164605				1.4319849795674	1.2847952435535603	1.606723393490844	7.8735197583421	6.391818264097172	9.546497228550097	22.7561794727896	19.345065684056184	26.80225447516033
50	BEAST2			1	0	4.779745396084265			0.12065758059534196			0.10481863653434303				1.1511080909339	1.064760298061313	1.237284364805823	9.54028818789641	8.818522052306733	9.971896968198196	0.20921616469765	0.2003817954001495	0.2520985303384881
50	real	241.3994286		1.0	0.0	0.138268211809818			0.648042814975751			0.5436417787985565			0.2886664804501779	1.19204012687899			1.8394465602146899			7.232320335316531		
50	PyBDEI					0.1213543620788817	0.10368228203870965	0.14108139869294745	0.6561082709420313	0.5367800932769324	0.7644619518822432	0.5581999254793806	0.4617064638129295	0.6645057095143391		1.1754001406907522			1.7914728296339393			8.240330078534697		
50	PhyloDeep			1	0	0.12338608723133788			0.646999617122806			0.5615416776764537				1.1521845	1.03531537165	1.27555143222	1.78081171844234	1.3191465135299998	2.30876327125	8.10464147489408	5.76434490346	10.4663153082
51	BEAST2			1	0	0.21320271893539577			1.6549405162035498			0.5749733377468902				2.8782908833454	2.284704564843897	3.727570362627379	1.73921108049746	1.3839326501062927	2.198093969008271	4.69037170348197	3.566866007870129	6.433833416733499
51	PyBDEI					0.2167226477426522	0.15023681364935582	0.29525007536254155	1.6323755789447087	1.279954551774381	2.2774443397373294	0.5749374241359672	0.4252596730380394	0.7410553533309381		2.839223036138047			1.7393197207554012			4.614192427122117		
51	PhyloDeep			1	0	0.2511157982287814			1.4167087427388523			0.55408053635809				2.5568643	2.03077067688	3.38529425497	1.80479178455336	1.4627516032700003	2.36181651793	3.98222655465484	2.89670718789	5.533668522619999
51	real	31.365492100000004		1.0	0.0	0.2308311803916832			1.4158988741153629			0.4788558566758258			0.4106916061717029	2.9568373329385698			2.08831109833742			4.332170369285301		
52	real	58.139381590000006		1.0	0.0	0.157950507269514			0.9219938597309054			0.2155995750948297			0.0605676933897909	4.276417795931991			4.638228064967931			6.33109710938554		
52	PyBDEI					0.1489760515208462	0.11037248883867457	0.18638333273737168	0.9280472121511212	0.7755201192564574	1.1886346876069436	0.242696962911749	0.1729176763779009	0.3355307095791922		3.8238929775507056			4.120364705031872			6.71248828111188		
52	BEAST2			1	0	0.148236034054969			0.9340339690389297			0.24450038800906415				3.82017377004859	3.0915369779136435	4.762997028748737	4.08997305952303	3.2445981269939064	5.162966431685039	6.74599807243345	4.944566175597259	9.01569815717884
52	PhyloDeep			1	0	0.16483834509929854			0.8991445834699169			0.25286521609958557				3.5558255	2.82341908919	4.37368027383	3.95467599468553	3.02110551528	5.1966637532	6.06654962107027	4.25950259589	8.0420220136
53	PyBDEI					0.1047456572255226	0.06388375737032775	0.13198367850905274	0.6705432380676513	0.6076928734177355	0.9162375380683134	0.124773103320265	0.08693201915351767	0.17649564424565073		5.374100829619622			8.014547794272781			9.546935180777474		
53	real	54.992493		1.0	0.0	0.1375637662284649			0.5610734557865708			0.1289019804379041			0.117591641176865	4.352714007034643			7.757832708254855			7.269356076942582		
53	BEAST2			1	0	0.11966453610608398			0.6254090667965704			0.1347878161814921				4.63995251584502	3.8395333459796808	4.982702403176917	7.41906819421644	5.87170481623041	9.22869257729135	8.35669474466093	6.207176067428688	11.138851702125557
53	PhyloDeep			1	0	0.15285490981192762			0.5435707746645086			0.12341417252410529				4.4044437	3.54675635763	4.962567863319999	8.10279710626168	6.171846207590001	10.0	6.54215164714302	4.5536039527800005	8.983605350369999
54	PyBDEI					0.0923170106751821	0.07292328637777959	0.11666213405670788	0.2717853087326938	0.2246307371797393	0.33089699319710497	0.1315958561685049	0.10664698696656368	0.16155243902339672		2.065302940729988			7.599023473197566			10.83223982975905		
54	real	145.77688		1.0	0.0	0.0887150930546396			0.284023547835042			0.1438108095894452			0.571322235379891	1.97498052229787			6.95358021316218			11.272039126240902		
54	BEAST2			1	0	0.09291596058791826			0.2704957272853928			0.13090812381879707				2.06630207044914	1.7916891058018922	2.410835742548078	7.63894532156155	6.5655808806291045	8.939902414393323	10.7624136227251	9.092777016290457	12.775651407428928
54	PhyloDeep			1	0	0.09352517967206064			0.2663365772470916			0.13117901138745952				2.0303292	1.71789358711	2.41789547894	7.62317073000596	6.45527853103	9.16230835	10.6923077133498	8.20607792508	13.4129847422
55	PyBDEI					0.2797044218628142	0.22181202987445056	0.3415006220502027	2.246918098020383	1.9615583020488727	2.5619380777139167	0.4452112762494525	0.3450992247785332	0.5638933556829695		5.046858015252586			2.2461246004912474			3.575202684820146		
55	real	15.231150699999995		1.0	0.0	0.2599024943443348			2.242600085634396			0.5056134603067169			0.8474586090916709	4.43540423997807			1.97779544752107			3.84759677864091		
55	BEAST2			1	0	0.2979881389267398			2.144325405927707			0.4631423880749862				4.62994850210196	3.8593487032139566	4.983669334109385	2.15916319850666	1.8518082216138168	2.5173459850808744	3.35583826793136	2.6693646121237	4.229537884027961
55	PhyloDeep			1	0	0.32580499083861447			2.017001957552734			0.44027491235497823				4.581233	3.77772431389	4.980047894559999	2.27130815755801	1.90718275831	2.6652659290700003	3.06932069219082	2.5117078326400004	3.7519397915
56	BEAST2			1	0	0.050682884502737946			0.1747703005625809			0.11289665297478003				1.54805564166391	1.43373160221593	1.6925804686719883	8.85765851910056	7.050008356659999	9.93108309112814	19.730526583308	16.45445190946377	23.723114773890543
56	PhyloDeep			1	0	0.05607334370043111			0.1573005084141595			0.10013674600180633				1.570857	1.4449408673700002	1.74119979181	9.98634407375252	7.3408185962	10.0	17.8337857885281	11.9962122675	26.799062987
56	PyBDEI					0.0518703924091763	0.04024228709061358	0.06736011069132548	0.1673869243251807	0.12682221323775045	0.1903833959764349	0.1074095934130462	0.07850668615240504	0.12213880462269663		1.558398267848294			9.31015534296341			19.27882079841546		
56	real	353.38659		1.0	0.0	0.0520128939977701			0.1824615783230151			0.1180544706593125			0.062079593115824	1.5455711020853404			8.470666078253403			19.226001922578508		
57	PyBDEI					0.1053632143098324	0.07347663583808664	0.13625552296023966	0.8771124541860917	0.7908467315578512	1.208493429700038	0.1750386300586441	0.13116368475279208	0.2301237579847091		5.010965030360603			5.713024602997435			9.490978483813018		
57	BEAST2			1	0	0.11445781056146306			0.8386330069341861			0.18253349166828609				4.59440620605787	3.840889028278636	4.982168571120878	5.47844667222647	4.461340899557817	6.663224378202723	8.73684369021725	6.765443940252897	11.127741968775336
57	real	54.5725083		1.0	0.0	0.1227919793751729			0.7804033370149672			0.1925540167169268			0.2195272529530439	4.05290603811312			5.193347908551281			8.143854387627766		
57	PhyloDeep			1	0	0.11917063687826715			0.828571931590794			0.1760756120536518				4.7057734	3.94120395667	5.0	5.67937824174816	4.64527093902	7.171783524510001	8.39132882222909	6.41196150388	10.6290043803
58	real	43.3643037		1.0	0.0	0.9136373886066594			0.3512756373109238			0.1928966060516518			0.331334667592652	1.8210565986674903			5.1841243890638005			1.09452613528114		
58	PhyloDeep			1	0	0.810221128600746			0.36910400855531206			0.21994389051865737				1.6781735	1.48026945704	1.9359405348400005	4.54661412800267	3.6235421442	5.659817637480001	1.23423095831505	0.4671546614769999	2.1392839501400003
58	BEAST2			1	0	1.1531355663374705			0.3386632003307448			0.19879456576156898				1.70358379281319	1.5129096624507328	1.9355259097348447	5.03031859130085	4.0944417807714695	6.135285341341021	0.867200725736132	0.3751705513289241	1.4445891051673825
58	PyBDEI					1.0133720300345277	0.6651456941761836	1.4998934405821538	0.350193678739012	0.30712328132330247	0.40807717116162956	0.206067484862685	0.16526938535515245	0.2710431386103169		1.699412592784188			4.852779178948873			0.9868044216356832		
59	BEAST2			1	0	4.823469576795597			0.334074196692341			0.13665400628853003				2.44467180850139	2.061328517249325	2.9224995348350054	7.31775106460186	6.331259174814671	8.512830522942231	0.207319644931675	0.2002905704381156	0.2389286375592734
59	real	34.9643709		1.0	0.0	0.1903061449480531			1.698200128591848			0.5084974514619977			0.63595888224514	3.33964334277251			1.9665781944921599			5.254691067768542		
59	PyBDEI					0.1420989834781262	0.11275351158517416	0.17827163015494665	1.9318665806643556	1.6352030134797348	2.2363501578154485	0.5818059203963145	0.4639379953570981	0.7251713525393605		3.320465662068902			1.718786222248856			7.037348019832483		
59	PhyloDeep			1	0	0.1652913892391613			1.564058566621785			0.5182513973283301				3.0179534	2.43682011483	3.90612077579	1.92956546794695	1.63874950093	2.2705793074900003	6.04992192638113	4.73263309896	7.51283537957
60	real	115.42479400000002		1.0	0.0	0.1230024780356669			0.2773905052899666			0.1630929288803739			0.880710646337615	1.7008125808656498			6.1314736749469025			8.129917510361304		
60	PyBDEI					0.1269537768785728	0.1049843234528076	0.1527065068076496	0.2833424293986099	0.24120787429808294	0.32719723862527994	0.1732421147287347	0.14257883191084697	0.2086726477194785		1.6355285771145889			5.772268490059799			7.876882630726833		
60	BEAST2			1	0	0.12704677072152998			0.28264763439289886			0.17243614407992916				1.63914378798614	1.4209373428934828	1.9020607422620508	5.7992482106099	5.088194765311543	6.630190180991286	7.87111702501963	6.868009781108445	9.09551085162046
60	PhyloDeep			1	0	0.12149110894386474			0.29539188714434966			0.18329561862068408				1.61156	1.38373234933	1.91194595974	5.45566777604991	4.72509117962	6.389122016569999	8.23105500223932	6.39863236851	10.2818326066
61	PyBDEI					0.1139577815287378	0.08080287236817335	0.16797165476910497	0.6604637760750756	0.5309102207507754	0.8684811266870053	0.2244958230401709	0.1607942359297513	0.3076123044097276		2.9419869248832			4.454425861727778			8.77517960234967		
61	PhyloDeep			1	0	0.12811936669834617			0.6167024882002325			0.21137748816562735				2.917541	2.28299136323	3.97987648881	4.73087275602612	3.79710313036	6.05634554415	7.80522122275608	5.61385363295	10.798155937
61	real	58.355254		1.0	0.0	0.070049978795936			0.8778072703073914			0.2102390319427957			0.7442083574994129	4.175282116720531			4.756490698987292			14.275521808694906		
61	BEAST2			1	0	0.11334260910769603			0.6693340870528607			0.22501557785825585				2.97461221762386	2.2421558466274782	4.080743370618539	4.44413675496694	3.5353772344454377	5.624489075780576	8.82280730850142	6.515564071312966	12.805200931355865
62	PhyloDeep			1	0	0.15218503185009202			1.34273121551535			0.34664016894729527				3.8735592	3.03602849501	4.58152792514	2.88483588914949	2.33092401714	3.83794352763	6.57094845559475	4.77095917942	8.66873722037
62	BEAST2			1	0	0.16699550697894808			1.1623013960959958			0.31324905150818755				3.71047059999036	2.997006966008368	4.681473662652605	3.19234805400157	2.539590631280809	4.039537920696279	5.98818506012897	4.466673158221523	8.159104422217819
62	PyBDEI					0.1709167687178317	0.1228888160358568	0.24081759844877137	1.1389291855564716	0.9593604113912666	1.5039411708616652	0.3111167994718504	0.2238175599936577	0.4234705500112777		3.660776877011815			3.2142269453066903			5.850800992212242		
62	real	51.616508		1.0	0.0	0.1688781216486009			1.2178507935885243			0.3910850578661515			0.137429473566679	3.11403048797976			2.55698851154331			5.9214301428623495		
63	real	262.203442		1.0	0.0	0.021548245121064			0.4978410543960198			0.1049248859772539			0.070988426267417	4.7447376259617196			9.53062746445857			46.4074913934626		
63	BEAST2			1	0	0.030062355039188318			0.3945434979335987			0.10848567017005603				3.63682592654988	2.975430092757424	4.577021014521268	9.21780727751837	7.557521704718647	9.959454235020791	33.2641936633518	25.35336403780963	45.04504832145586
63	PyBDEI					0.0295815698067744	0.02005128691734289	0.038493178939498815	0.3856025632863928	0.33062172559588254	0.5120820617569706	0.099613596521807	0.07549940144492943	0.12449367663991133		3.870983246769712			10.038790234635124			33.80483208064873		
63	PhyloDeep			1	0	0.029835685267574873			0.3830454990850833			0.09612552228105202				3.984847	3.1598430651200005	4.64986810179	10.4030644127602	7.87732661018	10.0	33.516910740669	24.2165307661	42.2201887213
64	PyBDEI					0.0392975339649915	0.03267941871697598	0.0467020463144059	0.1856255868364041	0.15680789250830934	0.21943808592874797	0.1585773158625146	0.12940347390893409	0.19894794252286707		1.1705683491158354			6.306072180380407			25.446889387279523		
64	PhyloDeep			1	0	0.04029721434484785			0.171631164845605			0.1542793924343879				1.1124698	1.0	1.28581887589	6.48174707082335	5.21849120939	8.178214591569999	24.8156111100482	18.4923085708	32.2483380384
64	BEAST2			1	0	0.039301894785365346			0.1860123935747374			0.15871135573475206				1.1720169153215	1.044127069319973	1.3234842772600437	6.30074637930294	5.349487455836534	7.458661791969846	25.4440658767517	22.527217366332074	29.002675828964563
64	real	545.095642		1.0	0.0	0.037711049563551			0.1981884029649394			0.1850816060110784			0.524067573402039	1.0708163130650403			5.403022059037802			26.517426896718717		
65	PyBDEI					0.6565816262974686	0.4856284506943666	0.8715762097749293	1.6929091750589054	1.4302867345776247	2.180721014100209	0.4211842235852309	0.3053707072814347	0.5623458238326645		4.019403102633848			2.374257970746713			1.52303987797999		
65	PhyloDeep			1	0	0.6640465903122685			1.69516187748064			0.4421858656775031				3.8335958	3.0157841456700005	4.62864584751	2.26149245740325	1.85702141597	2.81333690398	1.50591843191266	1.06322100399	2.03317133167
65	BEAST2			1	0	0.6803821666217467			1.6526236535965375			0.41745754281198877				3.95878259251105	3.152808270171876	4.852197500792451	2.39545318372741	1.9300309094507515	2.992134126835998	1.46976221461716	1.0638681943393018	1.9832515495121
65	real	11.12784107		1.0	0.0	0.5433503868218993			1.8734368773331291			0.4508041590666495			0.7316640407464409	4.15576662205583			2.2182581502140803			1.8404330322631801		
66	PyBDEI					0.0614063863959882	0.046462662658775036	0.08053916504912915	0.4560760736784072	0.38568497665908463	0.5393032922589254	0.1597386103074619	0.12324061173969406	0.20255329439043634		2.8551398613056693			6.260227242964105			16.28495110510738		
66	BEAST2			1	0	0.061448832580600465			0.45666309683858797			0.16008043362034705				2.85271026889912	2.3045047757126755	3.629599708715797	6.24685964039577	5.204656050778632	7.557427843655398	16.2737021681955	12.864157793133373	21.428725937540108
66	PhyloDeep			1	0	0.06022462107595758			0.4809507441438768			0.17314373130261262				2.7777543	2.247485818	3.58829993367	5.77554839829717	4.88257665755	6.853927158019999	16.6045046383731	12.603103935899998	21.2563637756
66	real	126.8747753		1.0	0.0	0.051294469765019			0.4881489139098705			0.1626242302867467			0.669291842439362	3.0016985356311503			6.149145168814961			19.495279015087203		
67	real	246.8213651		1.0	0.0	0.0864641179823152			0.4541774390016769			0.3533654138431573			0.526703751306	1.2852911496405401			2.8299317387180802			11.565491250422903		
67	BEAST2			1	0	4.623376164641869			0.10489854890137836			0.10062747942075205				1.04244436514968	1.0024555676965303	1.1225029544373182	9.93764333317658	9.700341139100631	9.997780138742534	0.216292156292124	0.2006136926004601	0.2958289018824012
67	PyBDEI					0.093755999655181	0.07700355314972854	0.11269921347004191	0.4666007306764499	0.39824255666970154	0.5570221034290036	0.3566786198104371	0.3017115453907534	0.4309456347850539		1.308182505933304			2.803644357857689			10.66598408291558		
67	PhyloDeep			1	0	0.0990268595112568			0.41224031435049124			0.3274909854254478				1.2587837	1.11333049338	1.4283178529799998	3.05351916389664	2.52878018223	3.70342730375	10.0982703575117	7.71381887763	12.7147569706
68	real	53.742002		1.0	0.0	0.0722651853520479			0.9954866608963896			0.2507534118913975			0.177217400892237	3.9699825154424606			3.987981628872531			13.837922024670505		
68	BEAST2			1	0	0.09174900202255928			0.8308810749566777			0.2633363727725042				3.15520817048116	2.4919243896416576	4.248739533251613	3.79742452389552	2.9241212320184453	4.967753593716841	10.8993011145137	7.982096234353023	15.900981244174655
68	PyBDEI					0.0937429394803567	0.05968311881931274	0.13821180347327247	0.8172663456451665	0.5614916620278602	1.0155224858847653	0.2632007642796785	0.19109778037895353	0.355386479063401		3.1051062784025016			3.799381064628653			10.667470057406764		
68	PhyloDeep			1	0	0.08691068931528796			0.919556267722549			0.2884162340654054				3.1882958	2.48704049224	4.130862051569999	3.46721121035519	2.6074235228	4.505890986630001	11.5060645345048	8.034290017050001	14.5089953427
69	real	53.4087149		1.0	0.0	0.0790918671694897			1.163763128745235			0.3132835616540035			0.350636858130308	3.71472771377171			3.1919963968758105			12.64352500184441		
69	BEAST2			1	0	4.640467415410896			0.20820744619243167			0.10094673921746697				2.06254751571416	1.9357501287936163	2.188252533010645	9.90621398721682	9.549776426438791	9.996071415762533	0.215495533204052	0.2005085578112217	0.2937674931681031
69	PyBDEI					0.0919434147448287	0.06412062259664844	0.12069495583427553	1.0572913096556196	0.9353284464417252	1.3277573425723406	0.2999711011511891	0.2377822414023509	0.3750981407172663		3.5246438926886223			3.333654462587674			10.87625473532072		
69	PhyloDeep			1	0	0.10102810956038263			0.9654962785788819			0.28624235905730105				3.3730028	2.69739281428	4.1828714263	3.49354303567564	2.93737891669	4.219226688369999	9.89823529660642	7.79463805474	12.5259485848
70	PyBDEI					0.3091959685537857	0.21192103137546092	0.4083800872413705	1.3059901729251218	1.0308553396584148	1.6573885220814137	0.3442185950590178	0.2608122153819352	0.4429297493144223		3.7940721148466823			2.9051306767100877			3.2341948204478173		
70	BEAST2			1	0	0.305423346121126			1.3183397666771484			0.34449947431340333				3.82682664263751	3.1142747936228674	4.698413291895035	2.90276204918172	2.412633609776533	3.5101307647239297	3.27414394708195	2.5529818890022344	4.2461668395090735
70	real	21.574114		1.0	0.0	0.2723032250249573			1.3947535496365455			0.3867177336222568			0.584157405024765	3.6066449205014504			2.5858653820535498			3.6723766305314505		
70	PhyloDeep			1	0	0.32870504043101684			1.2624806231775734			0.3317206051363995				3.8058553	2.9844166121599995	4.55013333089	3.01458511927172	2.49531527058	3.72973337277	3.0422411493561	2.43382036184	3.90189803776
71	PhyloDeep			1	0	0.13810791953975976			0.4526855768478109			0.11499007727412022				3.936736	3.21022091313	4.606972687790001	8.69640253929163	7.114614476719999	10.0	7.24071438721594	5.536395441590001	9.43970644442
71	BEAST2			1	0	0.15560649639926394			0.3974197040256617			0.110956883570162				3.58174897526172	3.02240361698049	4.284256932296008	9.01250979501118	7.555897478059531	9.93922239299068	6.42646690941581	5.023327457457123	8.294725305551488
71	real	61.167586		1.0	0.0	0.130677354911263			0.4572430631637733			0.1214811255517723			0.4615968161577801	3.7639020966175307			8.231731435298764			7.6524352721942845		
71	PyBDEI					0.1591675210264165	0.11864828007137679	0.20981522749188802	0.3951566806270378	0.3181689842838634	0.48124934435082994	0.107921865155046	0.08114859095218033	0.14155795467807708		3.661507147410172			9.265962912736445			6.282688789467501		
72	PhyloDeep			1	0	0.0684371716860929			0.1971174949266208			0.1835941345684438				1.073659	1.0	1.19384032557	5.44679710139215	4.5033786753600005	6.60456908867	14.6119422437092	10.4079344057	18.8710896296
72	BEAST2			1	0	0.06653189164540226			0.22652710375870458			0.20531244788132613				1.10332863933141	1.025077179766335	1.1892689234185818	4.87062528511674	4.125166429537464	5.731950399358484	15.0303858085043	13.630066373850998	16.623669238318946
72	real	605.9493419999999		1.0	0.0	0.0680449762875318			0.2393875782371885			0.2166240397106476			0.319331660323189	1.1050831595465904			4.616292823897733			14.696162076306502		
72	PyBDEI					0.0664535702967435	0.05780411963678457	0.07631591798849344	0.2267339265181297	0.20329685845129575	0.2795249914965296	0.2054328898376636	0.17557427150388458	0.23887308592964077		1.1036885412910198			4.867769716865765			15.04810043364975		
73	BEAST2			1	0	0.0521255402131849			0.31170820985426356			0.12844993298317298				2.42669032684585			7.7851344627093			19.1844534542983		
73	PyBDEI					0.0522698990643065	0.039533197018124897	0.06527570318319689	0.3102988410440991	0.2674649171110254	0.3600266481897881	0.1283145575165701	0.10331491636095169	0.15768921884679726		2.418266851787476			7.793347998498636			19.131469888046308		
73	PhyloDeep			1	0	0.05149927035660743			0.3142944732747781			0.1305453620191956				2.4075499	2.02437372758	2.93885167011	7.66017256019374	6.51817109034	9.01092575373	19.4177508356038	15.5405402818	24.4962083596
73	real	123.286223		1.0	0.0	0.0455061483669881			0.3181958264971586			0.1377513006333733			0.7415413138540641	2.3099297431974204			7.259459586966164			21.9750525123642		
75	PyBDEI					0.0565102218213805	0.04174626157917552	0.07661060534146764	0.4899670139409422	0.42132388890275707	0.5815013645054223	0.1344017720520785	0.10410153504346459	0.17168637389181074		3.6455398352269337			7.44037808975105			17.6959135492484		
75	real	88.759151		1.0	0.0	0.057797307219151			0.5084298586916725			0.1276256694048513			0.605017677164895	3.9837586048527798			7.8354143383790795			17.301844118935914		
75	PhyloDeep			1	0	0.06014472264388884			0.45832040938959384			0.1313711329189629				3.4887452	2.72878916903	4.29236264789	7.61202235057877	6.35862294841	9.14704246438	16.6265626648726	13.0218657987	21.6432013008
75	BEAST2			1	0	0.056688669391936286			0.4889155303150462			0.13454006708705693				3.6339771556579	2.918876624270018	4.620889791338488	7.43273005321849	6.201486705776171	8.887549119715997	17.6402094232652	13.758770646381294	23.305518196961657
76	PyBDEI					0.1559528732127215	0.11749919496798403	0.198719706206946	1.3526366570126238	1.0807893882608073	1.7984916191973321	0.4340939589764835	0.3439159594350209	0.5451920543113984		3.115999725501596			2.303648736227112			6.412193500506964		
76	real	29.93236441		1.0	0.0	0.172658774079946			1.3058667507996935			0.4428951181050822			0.691824159284543	2.9484785390880304			2.25787090243505			5.79177053311505		
76	BEAST2			1	0	4.78893686535527			0.3127077321149149			0.11488529520778801				2.7219125959448	2.2881015410906977	3.1703358048959847	8.70433416384006	7.511709412979574	9.836950854733	0.208814613371566	0.2003251956402877	0.2503567418157566
76	PhyloDeep			1	0	0.1328046974982836			1.5883437799315379			0.4512278624634527				3.5200481	2.8601347659900003	4.36275447069	2.21617520367771	1.9029495898	2.6000601639	7.52985413044538	5.78748877147	9.01183131777
77	PhyloDeep			1	0	0.3652043380720637			3.1990347895392515			0.7768938566017802				4.1177244	3.06539637526	4.76347913333	1.28717712400779	1.02066953926	1.7276940803099998	2.73819310383623	1.9542639660900003	3.5890665960000003
77	PyBDEI					0.2927744811130792	0.22405822922555851	0.39198115225021135	3.7368159469467503	3.040210276395007	4.440990758473843	0.760028603237213	0.514088101790737	1.0598818998274027		4.916678044787283			1.3157399547078483			3.41559823177952		
77	real	11.97260036		1.0	0.0	0.3034594898795306			3.2322798643299904			0.8874256126725684			0.362849399126009	3.6423107674294704			1.1268550126566699			3.295332765493631		
77	BEAST2			1	0	0.33049690055159153			3.4487686908027646			0.7875300359029654				4.37922178656777	3.405948070095359	4.970816316320041	1.26979283888953	1.029152618060933	1.6190316572506436	3.02574698380234	2.176566449767257	4.132207409682494
78	BEAST2			1	0	0.027246801940340626			0.4192932790951387			0.10444468873944697				4.01450072910006	3.240430571273392	4.858079350606781	9.57444569052861	8.543428659960112	9.97900704695414	36.7015550004581	28.398946889653303	46.79793508436335
78	PhyloDeep			1	0	0.02984735389431482			0.38731664441920755			0.0909483583973093				4.2586436	3.4177167873000003	4.80082811327	10.9952506853558	9.41987722663	10.0	33.5038075248096	26.6146091532	40.3550080833
78	real	164.848752		1.0	0.0	0.024982913692043			0.4912263757093616			0.102677101451034			0.90701115427255	4.784186237898663			9.739269865120736			40.0273567897926		
78	PyBDEI					0.0281091572425249	0.0200126390078536	0.03779770517622505	0.4119695288802072	0.31281794546033787	0.5093750533107848	0.0951319134780873	0.07437950622911661	0.1197514794609535		4.330508173527911			10.511719605328237			35.575595218740624		
79	PyBDEI					0.1462085963911538	0.11495923208609113	0.19200691630053393	0.1783208715960141	0.13252255168663404	0.21377102104581666	0.1657351406879521	0.11993682077857204	0.20209712624378484		1.0759388193464567			6.033723420688497			6.839543123201092		
79	PhyloDeep			1	0	0.13437925408169457			0.1991902219996518			0.18815484619300876				1.0586505	1.0	1.18802671545	5.31477142488375	4.174730108	6.70725090381	7.4416248760546	4.7531611508800005	11.549757496600002
79	BEAST2			1	0	0.14846605124881798			0.1761603421531374			0.16380595544868903				1.07542086409867	1.0137568893999502	1.1511567276106012	6.10478414695516	4.918400997210205	7.8385134823627	6.73554655484219	5.005011248218443	8.097385329929022
79	real	536.1296120000001		1.0	0.0	0.134229506695925			0.2239345528162022			0.2015787028960146			0.176087602239528	1.1109038286238004			4.960841525584452			7.449926805328551		
80	PyBDEI					0.0476638877917836	0.03833897342554361	0.06150781900382003	0.8468536468608684	0.7286187866758315	0.9785863178320514	0.1984537389704549	0.1567131216031577	0.24719704247396573		4.267259721354733			5.038957719757936			20.98024408685311		
80	PhyloDeep			1	0	0.05165133119526089			0.7876714065637956			0.20578306854718925				3.8276784	3.01596152476	4.614451772200001	4.85948628844887	4.14243360276	5.7954877830900005	19.3605852329272	15.3597782074	22.2573504229
80	BEAST2			1	0	0.0484918951271529			0.8437690332902587			0.2006706771348312				4.20474503468849	3.2971628900355148	4.937200911462739	4.98328910968939	4.263859673607147	5.858460663890071	20.6220028600213	15.896474465350371	27.09051685401933
80	real	83.3193897		1.0	0.0	0.046531673853296			0.8961836333111867			0.2076904402806761			0.7823454687341759	4.314997031640311			4.814858106365341			21.49073775322971		
81	PhyloDeep			1	0	0.03520909880926863			0.3890664244654785			0.1329058201121378				2.9273844	2.41240925612	3.6868735203	7.52412497177521	6.253085920299999	9.05763740167	28.4017493721468	22.5717184219	35.7550341941
81	real	192.97528		1.0	0.0	0.033155856723351			0.4110645586075261			0.1178803215896562			0.504524531724421	3.4871346893542605			8.483180114497994			30.160583945813716		
81	PyBDEI					0.035949128589053	0.02786084800697733	0.04696650944302045	0.3728424687905448	0.3169735633734326	0.4260505479020118	0.1301772085767854	0.1034195693397071	0.1613323818225118		2.864114792956423			7.681836251774803			27.81708595586129		
81	BEAST2			1	0	0.035836215772339544			0.37569091818470624			0.13091075262100804				2.8698247520763	2.402521324822147	3.4934614494244105	7.63879192486992	6.522291044359011	8.99133749058708	27.9047320831196	22.91870640580481	34.71894711601168
82	PhyloDeep			1	0	0.049193341604708896			0.6644227864462058			0.13880723143454918				4.7866583	3.92033528332	5.0	7.20423561269229	5.97401215	8.90000720552	20.3279542999022	15.3668727254	24.2717545001
82	real	55.06981915		1.0	0.0	0.0384782285426619			0.7315427809163592			0.1598195275157893			0.903842773768335	4.57730536616739			6.25705766713148			25.98872239898653		
82	BEAST2			1	0	0.050302035867723596			0.6488747963475102			0.13607464963599306				4.76852079416177	4.073400246183375	4.9880712396999805	7.34890740248131	6.241340254231838	8.68699094749206	19.8799110761569	15.47803345194652	25.71947111059513
82	PyBDEI					0.0356838103182816	0.02823897983808843	0.047329816442005276	0.8764797103678235	0.7381298298785082	1.0346132297273654	0.1211715904496183	0.09037329789947056	0.15954101120636938		7.233376298153429			8.252759547757096			28.023913115794024		
83	real	69.220122		1.0	0.0	0.0643033340462028			0.8110338513184452			0.2074262226993762			0.6175750552243111	3.909987082461991			4.82099122756193			15.55129317682792		
83	PhyloDeep			1	0	0.053134468444090886			0.7578151899242325			0.2196357464081182				3.4503272	2.64700281936	4.43651271723	4.55299292739826	3.74700229307	5.67456164664	18.8201751006923	14.5420132669	22.0027999274
83	BEAST2			1	0	0.055879213941617066			0.7252984232502911			0.20761632378883405				3.49345566867849	2.6686084917080857	4.649964651480037	4.81657695190238	3.9070541306604247	5.969098746289732	17.8957420740529	13.35950410764531	25.27440172177545
83	PyBDEI					0.0569011104427265	0.04073309682388744	0.07577165370234791	0.7070452401934969	0.5871159786755842	0.8984625825229318	0.2053611960319876	0.1505269308977037	0.26874825396438856		3.4429349548751444			4.869469107709313			17.574349467336734		
84	PhyloDeep			1	0	0.042796900514487764			0.5968728848357676			0.14497114650104723				4.117184	3.28974573805	4.73801417481	6.89792433967387	5.9043238604	8.32158440982	23.3661781105264	17.887880393499998	27.0939968645
84	real	204.272611		1.0	0.0	0.06045999398739			0.4359138086073675			0.1269856997489026			0.887936182248978	3.4327787260245			7.874902465217482			16.53986271001892		
84	BEAST2			1	0	0.04815781563935226			0.5225259439770767			0.129703349427491				4.02862336465095	3.1318342870144917	4.911393998001144	7.70990112756523	6.48332480666726	9.16039527344518	20.7650614282191	15.887380473727204	27.528126582816643
84	PyBDEI					0.047834144677502	0.03180852715758896	0.06427996374862473	0.5229715151034321	0.44101923004705	0.6593495958636841	0.1289674868691834	0.09859838525125143	0.16578197174963652		4.055064790352173			7.753892273750649			20.90556874680217		
85	PhyloDeep			1	0	0.18767278444812463			0.6747477976038309			0.14391808865998137				4.6884155	3.75702527108	5.0	6.94839689236413	5.542457029	8.766400464710001	5.32842310056104	3.78586321791	7.025962979760001
85	BEAST2			1	0	0.20448771599602822			0.6165726096331738			0.1336026137861131				4.61497415477407	3.756461547641684	4.9853917078247525	7.48488350385808	6.084932377412486	9.10705674091429	4.89026930116146	3.5648082569246413	6.680417928063679
85	real	34.70963810000001		1.0	0.0	0.209725946391481			0.5660064406372673			0.1460625973459047			0.8128307659723	3.8750949998297903			6.846379690426873			4.7681272498986305		
85	PyBDEI					0.1878332319538787	0.11565970936455344	0.28993545693912126	0.6665319047780022	0.5154689522450502	0.9488132314925288	0.123612890984434	0.08535061712278033	0.17188281645745296		5.3920905778502926			8.089771156035216			5.323871551363945		
86	PyBDEI					0.0808392733930606	0.06439983852158343	0.10057081832375325	0.3493242639068528	0.2789107346479975	0.3930010820570871	0.243548010540555	0.18588946344830323	0.281914365167241		1.4343137647953978			4.105966613237771			12.370224991233552		
86	PhyloDeep			1	0	0.08385297410107641			0.32544890364371887			0.22612192924844995				1.4392629	1.3148003531	1.61452529086	4.42239283612894	3.41365948594	5.65974162437	11.9256354437065	8.326330514430001	17.111302089000002
86	real	389.465572		1.0	0.0	0.0763186006489821			0.3629239811162457			0.2491962288251991			0.1507029058456359	1.4563783040666396			4.01290181923844			13.102965613840006		
86	BEAST2			1	0	0.081453790553655			0.3493411169664391			0.24415067950093278				1.43084228837915	1.3116333713508015	1.5709202368056252	4.09583132041285	3.275718302829348	5.110217226056217	12.2768994936004	10.504533335025	14.38243433294013
87	BEAST2			1	0	0.03849864243816037			0.12925546535389534			0.11017242005100701				1.17321072999988	1.109688313714141	1.244276348863044	9.07668180055431	7.511130584143432	9.94648655776944	25.9749418854517	23.12133458665508	29.279831665361453
87	PhyloDeep			1	0	0.03923171274061106			0.11933678644798838			0.1027071175676919				1.1619135	1.07402635592	1.2538952197600002	9.73642356714882	7.63904380372	10.0	25.4895830475645	17.542609994	38.1144627313
87	real	884.9905310000001		1.0	0.0	0.03883141767375			0.1299655614952804			0.1073011420252733			0.124218461890226	1.2112225372649699			9.31956530121985			25.752343331930398		
87	PyBDEI					0.0388769611498654	0.03276074421451832	0.04572856910291115	0.1243411907232763	0.09621482446883481	0.15419807638285205	0.1055265649583161	0.07926678940333609	0.1364176076738925		1.1782927907526624			9.476286851514674			25.722175047199148		
88	real	14.543254999999998		1.0	0.0	0.495193724738466			1.9533979523420488			0.4558824400888929			0.287064654218774	4.28487210861018			2.19354796777215			2.01941169696394		
88	PyBDEI					0.5300791848963273	0.38523153511524877	0.6734299449662646	1.9444006027581413	1.6622291481862181	2.3220106302615315	0.3883898505894944	0.28937010011123704	0.5082009421283507		5.006311570209543			2.5747325747112333			1.886510597837528		
88	BEAST2			1	0	0.5661022589036955			1.8756772169656626			0.4038434549521016				4.64456510057376	3.959369675816016	4.981412421578505	2.47620702462197	2.046904025466449	2.993900414114852	1.76646530599716	1.338791283810104	2.292974896224961
88	PhyloDeep			1	0	0.5812601102935566			1.854815197110988			0.4113872962769573				4.5086837	3.76888032957	4.9749640879	2.43079941711854	1.94206509423	2.96821365679	1.72040018279418	1.26515429109	2.21445785349
89	PhyloDeep			1	0	0.06815397597019696			0.78542131069229			0.23543503631886778				3.3360426	2.64147303854	4.12639874762	4.24745617999533	3.55712155007	5.03840045521	14.6726582824352	11.436871860999998	17.9335814621
89	real	70.54642820000001		1.0	0.0	0.057575837150027			0.9349368955130328			0.1972089319116932			0.7978862096114008	4.740844577626341			5.070764241285902			17.368397048127523		
89	PyBDEI					0.0647560080994339	0.04894746628076638	0.08119535044154198	0.8530078696086235	0.7254913871417994	0.9955843091304082	0.2347030397093849	0.18392565587244747	0.2941882384912715		3.634413387508057			4.260703232639103			15.442582539437613		
89	BEAST2			1	0	0.0646253604138108			0.8580213955509554			0.23500906590682383				3.65101402467232	2.885408663560369	4.6229297135620735	4.25515499217583	3.606721570148039	5.021819650729566	15.4738015168778	12.17487661084614	20.597468090242494
90	real	23.8960318		1.0	0.0	0.278932640751573			1.4520394609171634			0.349280254406877			0.575876588981556	4.157233174783711			2.8630304386892105			3.5850949437310007		
90	BEAST2			1	0	0.21853716281648497			1.6896454274551433			0.3788502224814625				4.45992988043664	3.4845461864081893	4.970332767959625	2.63956556089638	2.136314283848252	3.2283062721988043	4.57588076605416	3.414564095187054	6.139502457516931
90	PhyloDeep			1	0	0.20201764161113492			1.8349753874149244			0.4098761570869598				4.476902	3.5391291285900004	5.0	2.43976133451412	1.93365477665	3.09865841271	4.9500627372183	3.699518511740001	6.46342888837
90	PyBDEI					0.2012590129910872	0.15293673268890126	0.2778200412867224	1.7845378630230833	1.403617880193568	2.127259866423589	0.361566657379216	0.2566762849786954	0.49622872796390327		4.935570873592572			2.765741750769863			4.968721574940274		
91	BEAST2			1	0	0.024976200554357095			0.15493976304230056			0.11522624194204201				1.34465691522105	1.1654087670463673	1.5452375340713929	8.67857862189928	7.263036382297819	9.863552602084797	40.0381153980424	34.66864012017552	46.63663265167413
91	PyBDEI					0.0249413400611933	0.019930236802443674	0.030585626134965356	0.1541552156544317	0.12353633256154303	0.18285845592737418	0.1138178999543925	0.0937677914520848	0.13702524979464692		1.3544022136781877			8.785964249917681			40.09407664329625		
91	real	719.5615909999999		1.0	0.0	0.0248434199021979			0.1558450564625621			0.1201106564870125			0.5723858711868559	1.29751231922884			8.325655934684942			40.25210715500283		
91	PhyloDeep			1	0	0.025175515271793267			0.15697308252084663			0.11498548775014851				1.3651556	1.15646930585	1.62946486407	8.69674964698933	6.778398806499999	10.0	39.7211333791608	30.0260522996	50.0
92	BEAST2			1	0	0.031243535837552686			0.5073196560309067			0.13949938507758988				3.63671607404387	2.9514875883162146	4.575848889876037	7.168490380397	5.623217259346161	9.127793468311662	32.0066206718532	24.65704363609869	42.23490618092718
92	PyBDEI					0.0313859681884924	0.023871072184375754	0.04098926118128641	0.5000491817741853	0.4698533859004919	0.5471844504858121	0.137488610160725	0.10287779639034968	0.18847124595164833		3.6370225954689968			7.273329760414289			31.86137174403457		
92	real	194.436974		1.0	0.0	0.0331802610109209			0.4874823927574786			0.1446524120539002			0.0244125808328329	3.3700260219361815			6.913123575342672			30.138400649436168		
92	PhyloDeep			1	0	0.03197777743893714			0.4716634501710951			0.13078104576853797				3.6065123	2.8797310563	4.41809917268	7.64636797422345	5.64643257994	9.72375285173	31.2717168011298	23.4564023415	40.381687775900005
93	real	312.014922		1.0	0.0	0.028589017557059			0.3371102327221689			0.1086581257724258			0.176422734291013	3.102485252029972			9.203177331573027			34.97846674878434		
93	BEAST2			1	0	0.02815711314064117			0.3771878786748758			0.12429788956016403				3.03454773053331	2.458585216871846	3.781040253481089	8.04518888887465	6.423710763655302	9.721516228378317	35.5150045036623	27.14511925539651	46.78292649561908
93	PyBDEI					0.0289499476365526	0.021696425052260857	0.039510830882204834	0.368769077193562	0.321737794155035	0.4190135139494726	0.1238948217149042	0.0888541860206318	0.15572670347713413		2.9764688474401337			8.071362355249285			34.54237681374536		
93	PhyloDeep			1	0	0.03066983680576679			0.3382188630264225			0.12203676848149463				2.7714505	2.24095448459	3.5575761915300004	8.19425171973181	6.1994122784300005	10.0	32.6053251060003	22.6910444859	41.4985123927
94	PhyloDeep			1	0	0.1482195548697861			0.95724039469231			0.2381676975408606				4.0191865	3.24156021141	4.663578508600001	4.19872220425038	3.55722358674	5.02976647687	6.74674809864677	5.48058229016	8.47786683589
94	PyBDEI					0.1291175467793622	0.10130829888986356	0.1594022382676548	1.0494673254654427	0.9159714724810121	1.1972186067084456	0.2510705739464723	0.19959826905109124	0.31156986913835966		4.179969436359303			3.982943856308695			7.744880730338018		
94	real	47.12001959999999		1.0	0.0	0.0930045871363463			1.1947246443977184			0.2589623324117322			0.7397061400763271	4.61350742894217			3.8615654666334605			10.752157832107605		
94	BEAST2			1	0	0.13076417657732392			1.0440735765379268			0.25205284269932793				4.14228050497885	3.353556519009884	4.902412418743921	3.96742202662992	3.404548458285285	4.637450699920626	7.64735439150398	6.1035825319397405	9.785470282422525
95	PyBDEI					0.024730336357784	0.019888354288995075	0.03012663634647119	0.3821672819276129	0.33334685357401805	0.4378021605778519	0.1160813786174926	0.09446417009668773	0.14004186257796747		3.2922358993247105			8.61464613799226			40.43616655805175		
95	real	149.3755168		1.0	0.0	0.020781772747787			0.4360822781589954			0.103152033280905			0.7234656189874109	4.2275684180790725			9.694428390730666			48.11909032671371		
95	PhyloDeep			1	0	0.02656125082761429			0.36774290354662104			0.1124399007594758				3.270573	2.6435609992099995	4.04532803761	8.89364000897809	7.65972572072	10.0	37.6488293601126	30.4346264828	44.7667589366
95	BEAST2			1	0	0.024814502485266			0.3816945401518356			0.11625324338902099				3.28330228924936	2.694841780098585	3.9657719122803097	8.60191054329277	7.465714196346344	9.731411201545914	40.2990146827955	32.843606932086885	48.58439303669902
96	real	28.022975		1.0	0.0	0.2913660436934683			1.297856679776292			0.4434790806724005			0.278416699249097	2.9265341621266305			2.2548977924365805			3.4321089284242405		
96	PhyloDeep			1	0	0.24765482873360226			1.5133087442013091			0.5056718065592499				2.9926698	2.5019140313	3.72980460432	1.97756724228767	1.63942989168	2.45453984823	4.03787806243698	3.1886062670599995	5.33375752768
96	BEAST2			1	0	0.27284955061563426			1.4072764089538867			0.4686616885932813				3.00275538454598	2.5364531613625214	3.6596427339921287	2.13373532409181	1.750670933318697	2.6240215920826624	3.66502344513189	2.893498925510501	4.700493862237755
96	PyBDEI					0.2738173454230134	0.20684803597274687	0.352932074724277	1.3987868970133603	1.1082510518881266	1.6827911738403527	0.4665865060233497	0.35932715745645677	0.607292504211217		2.997915453953055			2.1432252906815874			3.65206958841532		
97	real	188.6290401		1.0	0.0	0.0391474175337959			0.3230127031716749			0.1515333977863592			0.4802947465430739	2.13162713890358			6.5992052881296805			25.54446916291992		
97	PyBDEI					0.0423162772242095	0.0318441765487303	0.05327260448173212	0.3010947205912361	0.24772568157265976	0.3605854610664668	0.1352021761997741	0.10760898767259872	0.1664933503197673		2.2269961109674736			7.396330651678302			23.63156840809923		
97	BEAST2			1	0	0.04209260551219907			0.3041177392209582			0.1361553761603531				2.23360801311872	1.9033918314235163	2.6775254442902874	7.34455023518336	6.246345641362837	8.661227107576014	23.7571418502517	19.856206969235707	29.227360183445462
97	PhyloDeep			1	0	0.04446236958095885			0.29001564639956173			0.13069271078630845				2.2190652	1.87430061953	2.71299922868	7.65153614140783	6.36484061625	9.16820401847	22.4909290580917	17.5226791506	28.7043468263
98	real	961.024896		1.0	0.0	0.022910359183603			0.1211099935046648			0.1075165976676128			0.321543966095811	1.1264306733280003			9.300889552806504			43.6483772247317		
98	PyBDEI					0.0228675499172234	0.01934353908684487	0.026809658575496588	0.1324361906624624	0.11507922215694151	0.1600469209449135	0.1018339455877674	0.0873266512912968	0.12640522751368632		1.3005112381540784			9.81990822635986			43.73008930208208		
98	PhyloDeep			1	0	0.023508703508779826			0.12286978501387827			0.09824765522079476				1.2506129	1.14141307592	1.39489048026	10.1783599593565	7.930573313689999	10.0	42.5374372358105	31.7686319683	50.0
98	BEAST2			1	0	0.02277419659001521			0.13639120679006247			0.10620429957517893				1.28423432323957	1.1761846547114256	1.4003151370355875	9.41581465157283	8.246744780674339	9.973824992418509	43.9093425775742	39.34047354656811	48.7127108304451
99	PhyloDeep			1	0	0.1034449295405823			0.19309104177388253			0.13477847440711824				1.4326549	1.22108462657	1.68374622187	7.41958242515309	6.27759240382	8.741535286880001	9.66697937193424	7.319236862139999	12.4445971771
99	BEAST2			1	0	0.10552707946522204			0.19086734063182262			0.12762743418576306				1.49550401799987	1.2925859050458135	1.7300460731060985	7.83530599341588	6.825499541210983	9.006527527886735	9.47624064901336	8.223019478485968	10.90331376420838
99	real	151.515921		1.0	0.0	0.1055747828789099			0.1896098780028855			0.1228432331238745			0.894496690411466	1.5435109706994103			8.140456536108953			9.471958859218876		
99	PyBDEI					0.1057830719605172	0.08733004933229185	0.12926802570012436	0.1910899924775199	0.1616234058688055	0.2277837971535956	0.1279624808770891	0.104854971742597	0.1529448877820495		1.4933282878523289			7.814790656962351			9.453308374077498		
