	type	T	sampled_tips	observed_trees	unobserved_trees	mu	lambda	psi	p	R_naught	infectious_time	incubation_period
0	real	0.0		3.0	0.0	0.7299648936648243	1.4210610634344352	0.6069550954814479	0.447322979907068	2.34129521938888	1.6475683414549502	1.3699288947711599
0	PyBDEI (p)					0.7989969892922473	1.3973664756198148	0.587185740727214	0.447322979907068	2.379769089571578	1.7030386309475545	1.2515691716007609
0	PyBDEI (mu)					0.7299648936648243	1.285332459120731	0.4888392367177133	0.5777804317426527	2.6293561616514904	2.0456623054942358	1.36992889477116
0	PyBDEI (psi)					0.7915441764261666	1.4223888249605108	0.6069550954814479	0.4400905490092213	2.343482797244244	1.6475683414549502	1.2633533664728789
0	PyBDEI (lambda)					0.7621590817047144	1.4210610634344352	0.5837658968378637	0.4634640834267793	2.4342995559213407	1.7130154492011067	1.3120620405956576
1	real	0.0		1.0	0.0	0.2523725112488919	0.9070813841379691	0.2692907505391973	0.6225767763228239	3.36840898665005	3.71345840136623	3.9623966772426797
1	PyBDEI (p)					0.2475846737309109	0.9623769746209696	0.29803983564121217	0.6225767763228239	3.229021290226127	3.3552561785862247	4.039022225934942
1	PyBDEI (mu)					0.2523725112488919	1.0323747148132647	0.3382780525766896	0.5373420932469615	3.0518524833331284	2.9561480337932777	3.96239667724268
1	PyBDEI (lambda)					0.263440382052457	0.9070813841379691	0.2907303975563917	0.6247226531598717	3.1200087495564555	3.4396128110616098	3.7959252572025086
1	PyBDEI (psi)					0.2457022357220557	0.9253436522100053	0.2692907505391973	0.672681167358223	3.4362251594501547	3.71345840136623	4.0699670357547095
2	PyBDEI (mu)					0.03029711860849503	0.4895992741163205	0.11144559898400794	1.0	4.393168313327262	8.972987799576517	33.006439091525
2	PyBDEI (p)					0.03356103299544983	0.4563493689860053	0.11100479451701536	0.997036566631611	4.111078003176285	9.008619892059842	29.796460679132814
2	PyBDEI (lambda)					0.030171515178946305	0.4991666375631278	0.11142658243455957	1.0	4.479780557357457	8.974519169043855	33.14384425405988
2	real	0.0		4.0	0.0	0.03029711860849503	0.4991666375631278	0.12767654472811538	0.997036566631611	3.90961894078582	7.832292157729361	33.006439091525
2	PyBDEI (psi)					0.03411513198687161	0.4738237505150649	0.12767654472811538	0.9280012246329172	3.711126045305056	7.832292157729361	29.31250567592193
3	PyBDEI (psi)					0.10023130773382366	2.146888666223238	0.4226364125557624	0.9481122834791093	5.079753193153888	2.3660999627382098	9.976922606413764
3	PyBDEI (lambda)					0.12892602361596822	1.6863982922081189	0.4574144663088734	0.9433494936675356	3.686805766806165	2.186201079448897	7.756385964238675
3	PyBDEI (mu)					0.12040375238506205	1.9217398981501903	0.4693456405357662	0.921634191919498	4.094508891051999	2.130625947347636	8.305388994870441
3	real	0.0		1.0	0.0	0.12040375238506205	1.6863982922081189	0.4226364125557624	0.8293398478248979	3.9901869363554106	2.3660999627382098	8.305388994870441
3	PyBDEI (p)					0.10528906915102172	2.2318399813166385	0.5070759811138829	0.8293398478248979	4.401391634472617	1.972091042063009	9.497662084614374
4	PyBDEI (lambda)					0.03942971129339227	0.2622941833873122	0.1307317503673773	0.8170420444274997	2.006354100287216	7.64925121242421	25.361585646902327
4	PyBDEI (p)					0.042608873680519466	0.2982080530568325	0.1534515046240405	0.6549452351128721	1.9433374328094641	6.516716811933657	23.46928969533392
4	PyBDEI (mu)					0.04677213720739507	0.26941439589114297	0.14322407762752726	0.7138388841000468	1.8810691634669832	6.9820662598409555	21.380250288025998
4	PyBDEI (psi)					0.03953154045831138	0.2821837479644011	0.14255609998616636	0.7664653653096379	1.979457546830926	7.014782251317482	25.296256821930985
4	real	0.0		3.0	0.0	0.04677213720739507	0.2622941833873122	0.14255609998616636	0.6549452351128721	1.83993658224913	7.014782251317481	21.380250288025998
5	PyBDEI (lambda)					0.5948165819519591	0.2873148575232717	0.19715104058404206	0.5026882353428568	1.4573337106014124	5.072253217825229	1.6811905221579144
5	PyBDEI (psi)					0.5970527082774447	0.2961407185928479	0.20584751545822128	0.4753009211131695	1.4386412094099454	4.857964876447388	1.6748940020473193
5	PyBDEI (p)					0.6373170418398759	0.3068317245554639	0.2165192465292251	0.4271495730639	1.4171106239927207	4.618527064128791	1.5690777656173944
5	real	0.0		3.0	0.0	0.9240026020199156	0.2873148575232717	0.20584751545822128	0.4271495730639	1.39576548632954	4.857964876447389	1.0822480345985501
5	PyBDEI (mu)					0.9240026020199156	0.18029590386256306	0.10697281845058038	1.0	1.685436604120669	9.348169137583142	1.08224803459855
6	PyBDEI (p)					0.4944986727595604	0.6087578174807483	0.1095881975774213	0.032288791520142	5.554957841611331	9.125070236633148	2.0222501193369817
6	PyBDEI (psi)					0.5503918948339095	0.6197812556093519	0.13433231072568294	0.0254685180602132	4.613791367551127	7.444225403388451	1.816887220517242
6	real	0.0		2.0	0.0	0.4975835768756962	0.6147459861167709	0.13433231072568294	0.032288791520142	4.576307686481551	7.444225403388452	2.00971263215509
6	PyBDEI (lambda)					0.24743538000673734	0.6147459861167709	0.00984590635677372	0.5128013731407141	62.43670860162528	101.56505290262348	4.041459228558063
6	PyBDEI (mu)					0.4975835768756962	0.4406386755383101	0.007565630098688317	0.5499368400019113	58.24216486802671	132.1766973742708	2.00971263215509
7	PyBDEI (mu)					0.050938770042800896	0.6181274615187233	0.20455753136618626	0.28128859319586197	3.0217780660062314	4.888600255005335	19.6314123635054
7	PyBDEI (p)					0.04691823528060185	0.6069101483227861	0.18851195927658712	0.315735053639742	3.219478226483869	5.304703233882299	21.313674609015948
7	PyBDEI (psi)					0.05081693373302901	0.6406697967431486	0.2150041801769944	0.27107738109781304	2.9798015843958963	4.65107236136891	19.678479722007296
7	real	0.0		2.0	0.0	0.050938770042800896	0.6308707935278659	0.2150041801769944	0.315735053639742	2.9342257113723296	4.65107236136891	19.6314123635054
7	PyBDEI (lambda)					0.048656895502624406	0.6308707935278659	0.20251746036272344	0.2875801190162517	3.1151427259552382	4.937845844051805	20.552071595814468
8	real	0.0		3.0	0.0	0.05450624562902902	0.41895452599801575	0.21185512479887966	0.969111940083884	1.9775520011410708	4.720206796740601	18.3465213657537
8	PyBDEI (mu)					0.05450624562902902	0.4575430633743645	0.2095703983891183	0.9103493108773576	2.1832427999913646	4.7716662643512135	18.3465213657537
8	PyBDEI (psi)					0.06420523952803933	0.4314079635189689	0.21185512479887966	0.8759602001052328	2.0363348015702583	4.7202067967406	15.575052867192964
8	PyBDEI (p)					0.061613260642213376	0.40546076956833466	0.19406161483086615	0.969111940083884	2.089340387699612	5.1530025701968265	16.23027234034852
8	PyBDEI (lambda)					0.06505725975760059	0.41895452599801575	0.21021509325905624	0.8851169440735861	1.9929802351619053	4.7570323543213	15.371074707510575
9	PyBDEI (lambda)					0.04330056578885425	0.1952277932119866	0.17382967790026865	0.3773137021996201	1.123098170405601	5.752757596281864	23.094386453892582
9	PyBDEI (mu)					0.04017473589310208	0.2071966678790884	0.1812157407201996	0.3900934131322356	1.1433701457480108	5.518284427311523	24.891265064214096
9	real	0.0		1.0	0.0	0.04017473589310208	0.1952277932119866	0.16539045395073124	0.488340826384015	1.18040544994298	6.04629817569697	24.891265064214096
9	PyBDEI (p)					0.03863303958785005	0.17715716028291664	0.15424905841229278	0.488340826384015	1.1485137225887807	6.483021746084808	25.884579900218267
9	PyBDEI (psi)					0.04247432530614485	0.19074521402903769	0.16539045395073124	0.3924689373486853	1.1533024396066986	6.04629817569697	23.543634720321933
10	PyBDEI (mu)					0.08182652247933321	0.19428595085147704	0.07844844785387496	0.11951588695535127	2.4766066909745783	12.747224799943636	12.220976398606801
10	real	0.0		4.0	0.0	0.08182652247933321	0.23762181731822946	0.10479807680327913	0.097229373886524	2.2674253628172907	9.542159842085098	12.220976398606801
10	PyBDEI (lambda)					0.09896934077278237	0.23762181731822946	0.11542853549696552	0.07112428651196633	2.0586054938250187	8.663369033442244	10.104139243443466
10	PyBDEI (psi)					0.09740786492194926	0.2220555879320787	0.10479807680327913	0.07976691154772124	2.1188899138760777	9.542159842085098	10.266111476740381
10	PyBDEI (p)					0.0905385216501922	0.20486704315340426	0.08969692896430999	0.097229373886524	2.283991720997716	11.148653711409624	11.045022403432156
11	PyBDEI (mu)					0.17693830377963493	0.5552452831077584	0.12741626033755282	1.0	4.357727040777962	7.848291869112992	5.65168750145494
11	PyBDEI (p)					0.1944881591963784	0.5302577748230617	0.12640949700189086	0.9794623100045532	4.19476216106714	7.9107980311403505	5.141701192154742
11	PyBDEI (psi)					0.2005442550400032	0.5212972952381442	0.11629346656877736	1.0	4.48260173695865	8.59893534439089	4.98643055020712
11	PyBDEI (lambda)					0.19170454507496626	0.5313673599444806	0.1245045344958537	1.0	4.267855480895569	8.0318359813096	5.216360413410904
11	real	0.0		3.0	0.0	0.17693830377963493	0.5313673599444806	0.11629346656877736	0.9794623100045532	4.569193572282271	8.59893534439089	5.65168750145494
12	PyBDEI (lambda)					1.1005317490984334	1.251481111615416	0.5377682607833908	0.8815477131074769	2.3271754822278434	1.8595370402545808	0.9086516593630396
12	PyBDEI (psi)					1.1527392266129484	1.2187828478623002	0.5541087076859079	0.8549765125532843	2.199537439056376	1.80470002750226	0.8674988903936787
12	PyBDEI (p)					1.1859931197383178	1.1989702454845337	0.5327043990487292	0.859900914773923	2.250723379843645	1.8772137076129625	0.8431752118601193
12	PyBDEI (mu)					1.0078753755368204	1.2023474380851031	0.5014867500441655	1.0	2.3975657143069347	1.9940706308031684	0.992186161376722
12	real	0.0		3.0	0.0	1.0078753755368204	1.251481111615416	0.5541087076859079	0.859900914773923	2.258547996550901	1.8047000275022604	0.992186161376722
13	PyBDEI (p)					0.06322087228639195	0.3136249204401507	0.10707659343423236	0.82375001633051	2.9289773832110435	9.339109210774538	15.817560938893376
13	PyBDEI (lambda)					0.057849862209034326	0.3459652947103291	0.11092256051184206	0.8102679762936811	3.1189804230438223	9.015298559513873	17.286125875055784
13	real	0.0		2.0	0.0	0.05541189898330598	0.3459652947103291	0.10551883235594836	0.82375001633051	3.2787066250248	9.476981290189832	18.046665397648102
13	PyBDEI (mu)					0.05541189898330598	0.3175944402563153	0.09953726350356226	0.92302519494741	3.190708977497148	10.046488770150004	18.046665397648106
13	PyBDEI (psi)					0.06184326418128741	0.31035548354142645	0.10551883235594836	0.8594185741624693	2.9412331108299163	9.47698129018983	16.16990974261318
14	real	0.0		2.0	0.0	0.16455275296236402	0.29335302179221284	0.12340278961128565	0.014676794147326	2.3771992733410996	8.103544523993047	6.077078517359821
14	PyBDEI (lambda)					0.21935482329530911	0.29335302179221284	0.13998798752533453	0.01235171296976887	2.095558533114299	7.143470076809438	4.55882384976663
14	PyBDEI (mu)					0.16455275296236402	0.1725935660262682	0.04149105885710863	0.05637434388992306	4.159777329873997	24.10157820854627	6.077078517359822
14	PyBDEI (psi)					0.2553681076190614	0.2600951573763535	0.12340278961128565	0.013081152152077677	2.1076926882742595	8.10354452399305	3.915915770859388
14	PyBDEI (p)					0.26490753422545216	0.2387045465363485	0.10813723427137238	0.014676794147326	2.207422338334593	9.247508563890968	3.7749020726188185
15	real	0.0		3.0	0.0	0.13900879634992494	1.152667875605596	0.29923404176890217	0.025057708098227	3.8520613122480194	3.34186576530052	7.193789359075621
15	PyBDEI (lambda)					0.08535732773791722	1.152667875605596	0.18405513093752726	0.057577259424260216	6.262622887687056	5.433154701562891	11.715455796254766
15	PyBDEI (p)					0.14915986749868912	1.1512780845284385	0.3278037607584298	0.025057708098227	3.5120954130140563	3.0506056357813884	6.7042161995001
15	PyBDEI (mu)					0.13900879634992494	0.9739964236851084	0.2398504477973551	0.03769596145768915	4.06084888575242	4.1692646779833415	7.1937893590756214
15	PyBDEI (psi)					0.12825861821331502	1.1640030777144057	0.29923404176890217	0.03182740211205533	3.889942036118213	3.34186576530052	7.79674702511481
16	PyBDEI (mu)					0.13542830635455294	1.3300232260919134	0.28623318215819565	0.2554865387725701	4.646642349651953	3.4936550418788235	7.38398069737347
16	PyBDEI (lambda)					0.26275303035048553	2.229957450884843	0.9695035512379634	0.061336107426446636	2.3001024060586475	1.03145573703479	3.8058552499512674
16	PyBDEI (p)					0.1881080033248348	1.5528552743902642	0.4841272626687176	0.129623054853193	3.2075352786997744	2.0655725820677198	5.316094915287296
16	PyBDEI (psi)					0.1969024770927116	1.6535241380824452	0.558194370222384	0.1174863075468192	2.962273047332389	1.7914906587137398	5.078656270683429
16	real	0.0		1.0	0.0	0.13542830635455294	2.229957450884843	0.558194370222384	0.129623054853193	3.9949479425892997	1.7914906587137398	7.383980697373472
17	PyBDEI (lambda)					0.051307677424061664	0.1780435041793793	0.11112443237928556	0.7282595891727569	1.6021994476578132	8.998921106627922	19.49026052641065
17	real	0.0		3.0	0.0	0.04589083049938593	0.1780435041793793	0.10629174696085814	0.758180898887686	1.67504542234068	9.408068157617631	21.790845559297104
17	PyBDEI (mu)					0.04589083049938593	0.16770570097103166	0.1019008690810024	0.8226606511731256	1.6457730192440274	9.813458992239669	21.790845559297104
17	PyBDEI (psi)					0.05120668064001586	0.16843364542716446	0.10629174696085814	0.7632951440020295	1.5846352162147646	9.408068157617633	19.528701870562998
17	PyBDEI (p)					0.0514253269311672	0.16859359741490154	0.10618026465179198	0.758180898887686	1.5878053983740592	9.417946011713237	19.44567122224619
18	PyBDEI (mu)					0.11441676995950904	1.4860635092674384	0.4520244721678102	0.52268704097222	3.2875731310311678	2.2122696039093186	8.739977543098709
18	PyBDEI (p)					0.1023218376143262	1.4100763093609874	0.3879654223434748	0.638127425862025	3.634541194015518	2.5775492928199077	9.773084840102488
18	PyBDEI (lambda)					0.12548767815445253	1.1752395018773178	0.3763019016895753	0.6196616808739289	3.123129318774516	2.657440729132789	7.96890989383979
18	real	0.0		3.0	0.0	0.11441676995950904	1.1752395018773178	0.35080214809420524	0.638127425862025	3.350149103310839	2.8506096825024505	8.739977543098709
18	PyBDEI (psi)					0.1032200832464312	1.3636059433381311	0.35080214809420524	0.6453737734672236	3.887108305197565	2.8506096825024505	9.688037139173446
19	PyBDEI (psi)					0.05531764777437855	0.6845374407114336	0.16749359872269595	0.7258083422197622	4.086946879950681	5.970377421143179	18.077413632601523
19	real	0.0		1.0	0.0	0.06327962770624318	0.7341348163315163	0.16749359872269595	0.5576676637930279	4.38306193150078	5.970377421143179	15.802874262190702
19	PyBDEI (p)					0.06481231081640416	0.7021259069711866	0.18144898933544384	0.5576676637930279	3.869549836252711	5.511190796170847	15.42916750542549
19	PyBDEI (lambda)					0.041846549069954116	0.7341348163315163	0.12121477111972513	0.9553913364042472	6.056479829561394	8.24981964460659	23.89683312543451
19	PyBDEI (mu)					0.06327962770624318	0.5551763910297703	0.12349865505366744	0.8951380160773003	4.495404349047473	8.097254173055093	15.802874262190702
20	real	0.0		2.0	0.0	0.04962716998629897	0.4778842627671261	0.2134527356580541	0.5988352752009151	2.23882941248729	4.684877881359061	20.150252377398896
20	PyBDEI (lambda)					0.05334257454980317	0.4778842627671261	0.2020227538971488	0.5898861686721307	2.3654972202310462	4.949937473424935	18.746751697677293
20	PyBDEI (p)					0.056066473448322114	0.4411710424515664	0.19371327887498335	0.5988352752009151	2.277443472196269	5.162268719045168	17.835971098159497
20	PyBDEI (psi)					0.0573906736426453	0.4627883544689188	0.2134527356580541	0.5646973329210332	2.1681069256019936	4.68487788135906	17.424433911103804
20	PyBDEI (mu)					0.04962716998629897	0.4351707103883625	0.17857239124092236	0.6775232346552803	2.436942840739857	5.599969810847423	20.1502523773989
21	PyBDEI (lambda)					0.024669093907423358	0.5649532010334002	0.08396050222457545	0.3423330583861173	6.728797304264302	11.910362295418684	40.53655167687707
21	PyBDEI (p)					0.04085945033934055	0.4635149097830706	0.107638712920444	0.23075669136252305	4.306210072631168	9.290337768522948	24.474142253381558
21	real	0.0		1.0	0.0	0.029470472137533992	0.5649532010334002	0.11657410659714855	0.23075669136252305	4.84630092843636	8.57823430254331	33.9322694028504
21	PyBDEI (psi)					0.04036409908558733	0.4809171410848089	0.11657410659714855	0.22938151218287675	4.125419916334768	8.57823430254331	24.774490764171833
21	PyBDEI (mu)					0.029470472137533992	0.4444118152055698	0.07213871688654865	0.3974481014804069	6.160517325314905	13.86218168494296	33.9322694028504
22	PyBDEI (psi)					0.2666346756958233	0.21383424596880932	0.16482425165047376	0.6085512014148485	1.2973469852134754	6.067068346960249	3.7504499270034906
22	PyBDEI (p)					0.3158380739892775	0.2863682986071416	0.2356520548988834	0.360060548741338	1.215216641034682	4.243544578591062	3.1661793886000877
22	PyBDEI (lambda)					0.2662730226556196	0.19008013789532904	0.14867091897525175	0.7004277381091187	1.2785293802278197	6.726265007929784	3.755543802472757
22	real	0.0		2.0	0.0	0.6634482255057563	0.19008013789532904	0.16482425165047376	0.360060548741338	1.1532291880105903	6.067068346960249	1.5072766216801399
22	PyBDEI (mu)					0.6634482255057563	0.3608607081431424	0.3184298518945485	0.1460709639225588	1.1332502464707528	3.1404090855500595	1.50727662168014
23	PyBDEI (psi)					0.028881378710556214	0.4973283263447013	0.11602987452985593	0.4438258529839911	4.28620929187278	8.61847006257589	34.624385837733485
23	PyBDEI (lambda)					0.03040093318397876	0.4675801429899098	0.11291009806263085	0.4545685726427757	4.1411720564669485	8.85660376847165	32.89372710858094
23	PyBDEI (mu)					0.03154309547182404	0.4843096251117226	0.121389440468909	0.41759479414435097	3.989717913196634	8.237948837536047	31.70265901433969
23	PyBDEI (p)					0.03264408741176563	0.5168905807655262	0.13549305272961604	0.359062840569089	3.8148862273921176	7.380452206620188	30.63341876849584
23	real	0.0		3.0	0.0	0.03154309547182404	0.4675801429899098	0.11602987452985593	0.359062840569089	4.029825464213491	8.61847006257589	31.702659014339694
24	PyBDEI (psi)					0.18826266689622212	0.8419667052904952	0.17418175049273787	0.7540060192812729	4.833839956876534	5.741129579712732	5.31172757980338
24	PyBDEI (lambda)					0.20527340942273264	0.6913692453613681	0.1306541527843126	1.0	5.291597937209842	7.653794224595578	4.871551570231077
24	PyBDEI (mu)					0.24134817264200906	0.7767841637894317	0.1855196699224124	0.6311618225273747	4.187071721905804	5.390264010378078	4.1433916364608105
24	real	0.0		3.0	0.0	0.24134817264200906	0.6913692453613681	0.17418175049273787	0.7447356683104871	3.9692404250478197	5.741129579712731	4.14339163646081
24	PyBDEI (p)					0.19108186663840215	0.839915107089059	0.17178166986264432	0.7447356683104871	4.889433824695328	5.821342875520972	5.233358965936684
25	PyBDEI (mu)					0.12219550955630805	0.24224886008729746	0.20764935886534205	0.2715930557735031	1.1666246474875597	4.81581067942756	8.18360677598547
25	PyBDEI (psi)					0.11096541494112136	0.20933506277409492	0.17535788562123167	0.3432054461364387	1.193759049001384	5.70262350311393	9.011816884842936
25	real	0.0		3.0	0.0	0.12219550955630805	0.19999607051410215	0.17535788562123167	0.305363243821061	1.1405022922441497	5.70262350311393	8.183606775985472
25	PyBDEI (p)					0.11544974896993	0.2281730850938981	0.19380813502571745	0.305363243821061	1.1773142807633985	5.159742132946611	8.661777170779814
25	PyBDEI (lambda)					0.1094140159450538	0.19999607051410215	0.16844729454804006	0.3620508879114213	1.18729167512432	5.936575014060595	9.139596891335987
26	PyBDEI (mu)					0.08084575140384304	0.4190296253871629	0.16723606417508366	0.31488503910187	2.5056175978195125	5.979571481382598	12.369233789476096
26	PyBDEI (psi)					0.08306989827295741	0.4743101769562905	0.2023409901590217	0.2622559607254718	2.34411315563656	4.94215234992223	12.038054948786908
26	real	0.0		3.0	0.0	0.08084575140384304	0.469349431171597	0.2023409901590217	0.25997681994349	2.3195963941993702	4.94215234992223	12.369233789476098
26	PyBDEI (p)					0.08432044141690986	0.4613563200164355	0.19334243091235967	0.25997681994349	2.3862135064680348	5.172170409160164	11.859520457864411
26	PyBDEI (lambda)					0.0743434907510448	0.469349431171597	0.1817013167060556	0.29979174101184153	2.5830821684736582	5.5035374433622515	13.451076750602358
27	PyBDEI (p)					0.09212070036203562	0.25895621393464396	0.12866156577711144	0.05227976387643	2.0126928533051607	7.772328853298452	10.855323462261861
27	PyBDEI (psi)					0.07604613192729621	0.26335320951408536	0.12146732181143023	0.066723444646759	2.168099251607139	8.23266690239892	13.149912752380994
27	PyBDEI (lambda)					0.05077864074651554	0.24421598767049899	0.08272149962258843	0.11738608535218473	2.9522674127611186	12.088755699091971	19.69331957883533
27	real	0.0		2.0	0.0	0.101451189975639	0.24421598767049899	0.12146732181143023	0.05227976387643	2.0105488787315795	8.23266690239892	9.856956830571681
27	PyBDEI (mu)					0.101451189975639	0.2177534037000668	0.10719177295509713	0.061251440476758075	2.031437653254268	9.329074167090251	9.85695683057168
28	PyBDEI (p)					0.11240161596149642	0.8034541674751868	0.20991275693601	0.611773575618017	3.827562360681645	4.76388388488862	8.896669246664155
28	PyBDEI (mu)					0.1607901496667319	0.7985737441399623	0.2772975643881733	0.4087186881160198	2.879844061746189	3.6062343432636728	6.219286455499232
28	real	0.0		2.0	0.0	0.1607901496667319	0.5863806506924703	0.19572555574451792	0.611773575618017	2.9959329963935697	5.109194842728191	6.2192864554992315
28	PyBDEI (lambda)					0.1202194472413922	0.5863806506924703	0.14128365573627935	0.9283938708209876	4.150378524937172	7.077959547327994	8.318121759386152
28	PyBDEI (psi)					0.10845791071823396	0.7841055216589087	0.19572555574451792	0.6685065708463809	4.006147887414393	5.109194842728192	9.22016654550842
29	PyBDEI (p)					0.03051503761388068	0.3647697587773445	0.12608676251479484	0.158022100106939	2.893005986528862	7.931046686067947	32.77072808014891
29	real	0.0		3.0	0.0	0.03000401483863901	0.4082159030659852	0.13357117620546866	0.158022100106939	3.0561676153696404	7.486645161091709	33.32887299842971
29	PyBDEI (psi)					0.031379909716944425	0.37515611155391904	0.13357117620546866	0.14931776367564875	2.8086606872191293	7.486645161091709	31.86752317072548
29	PyBDEI (mu)					0.03000401483863901	0.3670123977930509	0.12552993074478513	0.1597431131875305	2.92370429598359	7.966227608562133	33.3288729984297
29	PyBDEI (lambda)					0.029468707821811	0.4082159030659852	0.139941826045096	0.14518862425310847	2.9170399915636254	7.145826435605834	33.934300955668604
30	PyBDEI (psi)					0.17819840387671573	1.106506665456208	0.7191845017329399	0.69562304847138	1.538557439419204	1.3904637788918	5.611722542093233
30	PyBDEI (p)					0.1908686328435742	1.161477517409185	0.7569661629432225	0.600737301602517	1.5343849887465888	1.3210630130570402	5.239205547301986
30	PyBDEI (lambda)					0.1757822877966074	1.2371243973738468	0.7615677512941648	0.6506322602351997	1.624444306198035	1.3130808103424247	5.68885530240152
30	PyBDEI (mu)					0.1923527847873552	1.0667067490606241	0.6967224660662523	0.6850513760337872	1.5310353849838239	1.4352917391139626	5.198780985185599
30	real	0.0		2.0	0.0	0.1923527847873552	1.2371243973738468	0.7191845017329399	0.600737301602517	1.72017666453168	1.3904637788918002	5.198780985185599
31	PyBDEI (psi)					0.14766515509797226	1.2328175362038052	0.2775524837643472	0.8921618300136405	4.441745645665037	3.60292218047322	6.772078350755968
31	real	0.0		3.0	0.0	0.141030036025229	1.3415561957918247	0.2775524837643472	0.8219365221323579	4.83352257416964	3.6029221804732203	7.090688112857809
31	PyBDEI (lambda)					0.1473052012868423	1.3415561957918247	0.3387241052272899	0.7802149830307021	3.960616251068452	2.952255196980983	6.788626547223778
31	PyBDEI (p)					0.14771054145452164	1.29211306510275	0.3237013909751965	0.8219365221323579	3.991682152523583	3.089266922787566	6.76999752456996
31	PyBDEI (mu)					0.141030036025229	1.348978587113702	0.33137730797242115	0.8053901684690966	4.070823664322757	3.017708140966686	7.090688112857809
32	real	0.0		3.0	0.0	0.23588156514006314	1.0073646368569718	0.5789556643538523	0.08444202266268201	1.7399685310640298	1.7272479769518403	4.2394156550818805
32	PyBDEI (p)					0.26571523548338605	0.8079497252856636	0.4522612601695199	0.08444202266268201	1.7864667979362678	2.2111113377811153	3.763427408220728
32	PyBDEI (psi)					0.3166369400199909	0.9438094978846104	0.5789556643538523	0.058221120270800286	1.6301930458491256	1.7272479769518403	3.1581912076868384
32	PyBDEI (mu)					0.23588156514006314	0.7873925121260333	0.41710345067920335	0.09829205278662456	1.887763121700044	2.3974867586725037	4.2394156550818805
32	PyBDEI (lambda)					0.33140575706008824	1.0073646368569718	0.6338429408861541	0.0518329479329134	1.5892969249584286	1.5776779001465793	3.01744908981375
33	PyBDEI (psi)					0.14931722614340698	1.5596931841257675	0.4346021942934824	0.19404236723994686	3.5887835004176782	2.3009547883799	6.697150930459838
33	PyBDEI (lambda)					0.1598046172388372	1.3747831417572252	0.3924293100868658	0.21235677524794236	3.5032631519111335	2.548229641100574	6.257641470430372
33	PyBDEI (mu)					0.167549028340629	1.6180471068716655	0.5052841484645367	0.1628542314777753	3.20225186519032	1.9790844479068093	5.968402263527241
33	PyBDEI (p)					0.13862286336581572	1.5175760784825847	0.3958321733833234	0.223869740549289	3.8338876436225564	2.5263231926112315	7.213817228411103
33	real	0.0		1.0	0.0	0.167549028340629	1.3747831417572252	0.4346021942934824	0.223869740549289	3.16331385301025	2.3009547883799	5.96840226352724
34	PyBDEI (psi)					0.19533465593985275	0.31900916091241016	0.26573029456229363	0.8498865344655799	1.2004997828263295	3.76321413276263	5.11941926120841
34	PyBDEI (p)					0.18964379653851834	0.2999362227732774	0.2438984682495269	0.931273334593158	1.229758534056965	4.100066749812152	5.273043559834508
34	PyBDEI (mu)					0.17864185905425695	0.2918514337931932	0.23519741644652944	1.0	1.2408785700226586	4.2517473835744415	5.59779217084995
34	real	0.0		2.0	0.0	0.17864185905425695	0.2696828284789141	0.26573029456229363	0.931273334593158	1.01487423149525	3.76321413276263	5.597792170849951
34	PyBDEI (lambda)					0.18965742425204934	0.2696828284789141	0.22785096167264265	1.0	1.183593110598199	4.388833791435636	5.272664668645021
35	real	0.0		3.0	0.0	0.10207126433031696	0.1792889974537792	0.12026071523796665	0.350139560960445	1.4908359483727496	8.315267359097637	9.797076646017231
35	PyBDEI (mu)					0.10207126433031696	0.19857249162212964	0.1320873534277853	0.3024526127224525	1.503342193396986	7.570747494359628	9.797076646017231
35	PyBDEI (lambda)					0.07760904013032313	0.1792889974537792	0.10769341787708228	0.4535664847659999	1.6648092426448364	9.285618561585324	12.885096869137593
35	PyBDEI (psi)					0.08294365925617593	0.1908198504349793	0.12026071523796665	0.3920469845842395	1.5867180737898767	8.31526735909764	12.056376689524225
35	PyBDEI (p)					0.08834946111630905	0.19597089107569804	0.12505024355968972	0.350139560960445	1.567137220185869	7.996785704161176	11.318688165890839
36	real	0.0		2.0	0.0	0.052300244692993006	0.4425895541035865	0.11258805211421714	0.344795403114044	3.9310525921044706	8.881937125846449	19.120369433643898
36	PyBDEI (lambda)					0.06650732646405902	0.4425895541035865	0.13892171329546493	0.2880222836813212	3.1858918494783257	7.1982987848210245	15.035937439770732
36	PyBDEI (p)					0.061429992997253616	0.4208997780933533	0.12107545693610886	0.344795403114044	3.4763426770750154	8.259312211621031	16.278693048926563
36	PyBDEI (psi)					0.06055681982818016	0.4098280020718568	0.11258805211421714	0.3631354827628704	3.6400665468135	8.881937125846449	16.513416702484253
36	PyBDEI (mu)					0.052300244692993006	0.4475723404241477	0.1147571696111635	0.3775946540065555	3.900168869105745	8.714052493524733	19.120369433643894
37	PyBDEI (p)					0.21489652031770104	0.2812031429495989	0.19874443321115887	0.501978464893768	1.4148982107631185	5.031587470616273	4.653402477255608
37	real	0.0		3.0	0.0	0.2259720048368999	0.27136543217474685	0.1974622196477748	0.501978464893768	1.37426507540935	5.0642598963171785	4.42532693694412
37	PyBDEI (psi)					0.20948809546623756	0.27955754280077816	0.1974622196477748	0.5209847458415836	1.4157520527189542	5.0642598963171785	4.773540939280563
37	PyBDEI (lambda)					0.2042614414255282	0.27136543217474685	0.1882925657989705	0.5553627493412713	1.4411903678898754	5.31088413266217	4.895686591757411
37	PyBDEI (mu)					0.2259720048368999	0.2768931848389937	0.19705611351487354	0.4921790496541169	1.405148918752496	5.074696654486293	4.42532693694412
38	real	0.0		1.0	0.0	0.050113610275174005	0.6417996914954106	0.20856113686408576	0.6273096415059279	3.0772736529224805	4.7947571394937105	19.954658914195097
38	PyBDEI (psi)					0.04584506506355986	0.724444131245794	0.20856113686408576	0.6672252355791165	3.4735336704550885	4.79475713949371	21.812598555888055
38	PyBDEI (mu)					0.050113610275174005	0.6958071330375596	0.2117843475825542	0.6475398783964091	3.28545117228898	4.7217842650538495	19.9546589141951
38	PyBDEI (lambda)					0.05012972387503093	0.6417996914954106	0.19779560437685376	0.6938411762200295	3.2447621549395493	5.055724080170816	19.94824472787669
38	PyBDEI (p)					0.04745263016148158	0.7343706649916539	0.21689846882465366	0.6273096415059279	3.385780770934525	4.610452095023437	21.073647479538945
39	PyBDEI (mu)					0.024827203645465	0.1892199552983539	0.11755359898303945	0.9005127635040313	1.6096483385902494	8.50675784196347	40.278398416515294
39	PyBDEI (psi)					0.028344950477689607	0.1769674681550699	0.11109818878748556	0.8976506658962617	1.5928924682434074	9.00104682996095	35.27965239477497
39	PyBDEI (lambda)					0.02885355838814971	0.17458672480446452	0.11628024617835192	0.8880343476020582	1.5014306431436468	8.599912993529347	34.65777033624749
39	PyBDEI (p)					0.0276698696140338	0.17481321939745462	0.11261638586237895	0.9395324424236692	1.5522893765307144	8.879702472622713	36.14039436936172
39	real	0.0		5.0	0.0	0.024827203645465	0.17458672480446452	0.11109818878748556	0.9395324424236692	1.57146328585449	9.001046829960949	40.27839841651529
40	PyBDEI (mu)					0.10101353208345801	0.460402689617493	0.10724747144033006	0.7949209112599044	4.292900181554864	9.324229154963119	9.89966373192251
40	PyBDEI (lambda)					0.07686614434782288	0.4931174510008709	0.09290819685076124	1.0	5.307577455119134	10.763312968029112	13.009628731668307
40	real	0.0		2.0	0.0	0.10101353208345801	0.4931174510008709	0.11868218730664197	0.629964716453568	4.154940705017441	8.42586425725603	9.899663731922509
40	PyBDEI (psi)					0.07935231688479555	0.5403752166282099	0.11868218730664197	0.7882940047605941	4.5531282232946175	8.42586425725603	12.602026497245312
40	PyBDEI (p)					0.08861264259794899	0.559682345870213	0.13421733867796348	0.629964716453568	4.169970522311546	7.450602208700964	11.285071415115947
41	PyBDEI (mu)					0.218092332313404	4.584213429445447	1.27558966387037	0.04526761816124112	3.5937994476500488	0.7839511626064913	4.585213929314009
41	real	0.0		3.0	0.0	0.218092332313404	3.2091423858191845	0.7891899301837478	0.063667672771548	4.06637523247667	1.2671220979304298	4.58521392931401
41	PyBDEI (psi)					0.1311537280315258	4.620899105147035	0.7891899301837478	0.0778628158115547	5.8552433684387575	1.2671220979304298	7.624640298136453
41	PyBDEI (p)					0.15262525447468955	4.870054936064851	1.0109698137894552	0.063667672771548	4.8172110281020615	0.9891492172764916	6.5519956277342954
41	PyBDEI (lambda)					0.2130535977062379	3.2091423858191845	0.7911819620457392	0.07012551954036675	4.0561369441757575	1.2639317476529992	4.693654605067113
42	PyBDEI (mu)					0.2466071196833712	2.9197990565149814	0.6743766681205697	0.2664585479161912	4.329626445488116	1.4828508269524132	4.05503296613634
42	PyBDEI (psi)					0.2681485451648044	2.6841184389011867	0.6368477290269376	0.27276144011887177	4.214694214270572	1.5702340676128903	3.7292762464379536
42	PyBDEI (p)					0.2640502752264666	2.7017489223203053	0.6442804957565066	0.279079521428259	4.193435840623955	1.5521190018732631	3.7871575749820185
42	real	0.0		4.0	0.0	0.2466071196833712	2.8955489207270437	0.6368477290269376	0.279079521428259	4.5466895597653405	1.5702340676128903	4.05503296613634
42	PyBDEI (lambda)					0.28633456042907096	2.8955489207270437	0.7632345095261499	0.2250261713819328	3.7937866862502463	1.310213292924667	3.4924180947682486
43	PyBDEI (lambda)					0.02318406746530053	0.5101451072539642	0.11520955959525275	0.8409997863459816	4.42797550000343	8.679835280276562	43.133069790134726
43	PyBDEI (mu)					0.025101839417242998	0.5366882038508011	0.12640525976399555	0.7595123291635495	4.245774304430232	7.911063209450668	39.83771800058121
43	real	0.0		3.0	0.0	0.025101839417242998	0.5101451072539642	0.10614102454951582	0.776957855461345	4.80629529834599	9.42142780554648	39.8377180005812
43	PyBDEI (p)					0.019516140655134427	0.6350079151478393	0.12520696536152598	0.776957855461345	5.071666047606059	7.986776111956495	51.239638905600614
43	PyBDEI (psi)					0.018434804152434786	0.6124247471227594	0.10614102454951582	0.8703795691374779	5.769915541347138	9.42142780554648	54.24521962539671
44	PyBDEI (psi)					1.1823805971184116	2.005194952075663	0.8503840099849905	0.6483313439403621	2.3579876015202297	1.17593932653749	0.8457513616487851
44	real	0.0		3.0	0.0	1.0171827845877903	2.0787965886559667	0.8503840099849905	0.8341353021594431	2.444538660472529	1.17593932653749	0.983107476013022
44	PyBDEI (mu)					1.0171827845877903	2.294180428597085	0.9941131342597714	0.6036553528398999	2.3077659368270584	1.0059217261470064	0.983107476013022
44	PyBDEI (lambda)					1.2931242818261108	2.0787965886559667	0.9837848476223108	0.5431710480262024	2.113060181481924	1.016482417285527	0.7733208741450823
44	PyBDEI (p)					1.065486373167941	1.8552319047356332	0.7381888991705713	0.8341353021594431	2.5132210831403325	1.354666808351629	0.9385385164774708
45	PyBDEI (lambda)					0.2984588806634201	0.5117192546458804	0.08200410953968854	0.11738213858167125	6.2401659809282775	12.194510806998249	3.350545300502304
45	PyBDEI (p)					0.2658731662691207	0.5930226738896824	0.10923134874086668	0.09000617059791301	5.429052014147795	9.154881007395916	3.7611919022613414
45	real	0.0		4.0	0.0	0.3605861590513078	0.5117192546458804	0.1071640303132273	0.09000617059791301	4.77510273876587	9.33148927935169	2.77326229778473
45	PyBDEI (mu)					0.3605861590513078	0.6746805770086014	0.2010892530649302	0.03979204223629732	3.3551299570979665	4.9729161790516345	2.77326229778473
45	PyBDEI (psi)					0.26740410873849896	0.5896588799230423	0.1071640303132273	0.09040704324732124	5.502395516476394	9.33148927935169	3.739658319827556
46	PyBDEI (p)					0.6377364007777641	0.5357992390752099	0.2163948038441309	0.539501293138565	2.4760263627270174	4.621183051697949	1.56804598072249
46	PyBDEI (mu)					0.5087228651887723	0.4575212697651449	0.13990026107313358	1.0	3.2703389275733614	7.147949491511277	1.9657068090087304
46	PyBDEI (psi)					0.6518842643193894	0.5883656848624467	0.2607110029969161	0.4342677150880764	2.25677350821057	3.83566473414944	1.5340146322508132
46	real	0.0		3.0	0.0	0.5087228651887723	0.5836956750750815	0.2607110029969161	0.539501293138565	2.2388609163610402	3.8356647341494403	1.9657068090087302
46	PyBDEI (lambda)					0.6176477733100005	0.5836956750750815	0.24656562844180385	0.4711437359631647	2.367303499533997	4.055715333558859	1.619045746155544
47	PyBDEI (p)					0.21871403028924336	0.3584418234461181	0.15677041914766598	0.434385290645901	2.2864123563291154	6.378754394080397	4.572180388599337
47	PyBDEI (mu)					0.2166376585402171	0.3298186414680373	0.1368591786533155	0.513593507159406	2.4099124714427558	7.3067806619908735	4.61600262271279
47	PyBDEI (psi)					0.2223856752159519	0.37763384559098256	0.1738321219851434	0.3930859879584354	2.172405429321384	5.752676712336661	4.4966925096633625
47	real	0.0		4.0	0.0	0.2166376585402171	0.3863902700850797	0.1738321219851434	0.434385290645901	2.2227783085919106	5.752676712336661	4.61600262271279
47	PyBDEI (lambda)					0.20768919599505947	0.3863902700850797	0.16881734456812486	0.4138564418199906	2.2888067045098848	5.923561957204332	4.814886952635648
48	PyBDEI (mu)					0.05767667825069811	0.9216382416712341	0.2529340145833938	0.5682014130054341	3.6437892435671775	3.953600316063042	17.3380303847144
48	PyBDEI (psi)					0.05407463731930263	0.8814930116602682	0.21749798717658891	0.64182031411624	4.052878939723588	4.59774369860301	18.492958058972267
48	real	0.0		3.0	0.0	0.05767667825069811	0.8820970383435556	0.21749798717658891	0.566260800361252	4.05565609960046	4.5977436986030105	17.3380303847144
48	PyBDEI (lambda)					0.058966659488262886	0.8820970383435556	0.24579257876257926	0.5839229488017367	3.5887862960891423	4.068471086614618	16.958735812379647
48	PyBDEI (p)					0.057167048343736135	0.9291654801740126	0.25356300771110496	0.566260800361252	3.664436262061736	3.943792941355792	17.492594579785948
49	PyBDEI (psi)					0.03941031597076079	0.19076389535632066	0.12106757480438787	0.27709166018140835	1.5756811488504912	8.25984993600249	25.374067052441745
49	PyBDEI (p)					0.04092555245697824	0.19467295083981268	0.12472831339448755	0.257488166109756	1.5607759420598109	8.017425817642744	24.434612117972502
49	PyBDEI (lambda)					0.03707375393180228	0.16741114593183973	0.10299569705364037	0.3300081464259395	1.6254188351640717	9.709143474986123	26.973259892686205
49	real	0.0		2.0	0.0	0.04536850292246408	0.16741114593183973	0.12106757480438787	0.257488166109756	1.3827909430112102	8.25984993600249	22.041723565554395
49	PyBDEI (mu)					0.04536850292246408	0.19848608901421047	0.13174199560271976	0.2320736804547793	1.5066273142906057	7.59059398960065	22.0417235655544
50	PyBDEI (lambda)					0.11963657371970612	0.648042814975751	0.5412824727287964	0.3049661214277093	1.1972359121638243	1.8474642176360272	8.358647936064083
50	PyBDEI (mu)					0.138268211809818	0.6925014735972822	0.5925237021755269	0.24926260759191302	1.1687321048165231	1.6876961990353665	7.2323203353165315
50	PyBDEI (psi)					0.1200889527003403	0.6462531192987404	0.5436417787985565	0.3037993365757301	1.1887480773220815	1.8394465602146897	8.327160638125594
50	real	0.0		3.0	0.0	0.138268211809818	0.648042814975751	0.5436417787985565	0.28866648045017795	1.19204012687899	1.8394465602146899	7.232320335316531
50	PyBDEI (p)					0.12302026527807182	0.6507906551097294	0.5470827752218208	0.28866648045017795	1.1895652442098166	1.8278769599253768	8.128742022622255
51	real	0.0		2.0	0.0	0.23083118039168324	1.4158988741153629	0.4788558566758258	0.41069160617170297	2.9568373329385698	2.08831109833742	4.3321703692853
51	PyBDEI (lambda)					0.17022919480203766	1.4158988741153629	0.3856842811399634	0.6621314554367181	3.6711345091130085	2.5927942851191896	5.8744330028871765
51	PyBDEI (mu)					0.23083118039168324	1.5021415977112875	0.5221285504210165	0.4408653415355606	2.876957401582505	1.9152371560483596	4.3321703692853
51	PyBDEI (p)					0.2017481606991418	1.7185498438410292	0.5628164986078481	0.41069160617170297	3.053481637606465	1.7767780483932951	4.956674680624505
51	PyBDEI (psi)					0.17826982618797432	1.6024952135124717	0.4788558566758258	0.5304787398336481	3.346508539410688	2.08831109833742	5.609474252505091
52	PyBDEI (mu)					0.157950507269514	0.8785589908026706	0.21950711200838088	0.0628450315649433	4.0024169730278585	4.555661048293596	6.33109710938554
52	PyBDEI (psi)					0.13074255489192854	0.9668291348166532	0.21559957509482972	0.06960891112951262	4.484374027135263	4.6382280649679295	7.648619080655088
52	real	0.0		3.0	0.0	0.157950507269514	0.9219938597309054	0.21559957509482972	0.06056769338979099	4.276417795931991	4.63822806496793	6.33109710938554
52	PyBDEI (lambda)					0.1172451754335514	0.9219938597309054	0.1731273311667423	0.08977743598457655	5.325524592318212	5.7760955087841115	8.529135602400535
52	PyBDEI (p)					0.14043918805025898	0.9755852862289244	0.23206354377286864	0.06056769338979099	4.203957547006069	4.309164566489368	7.120519663230536
53	real	0.0		3.0	0.0	0.13756376622846495	0.5610734557865708	0.12890198043790418	0.117591641176865	4.35271400703464	7.757832708254851	7.26935607694258
53	PyBDEI (psi)					0.10151032083733	0.6824392503775013	0.12890198043790418	0.12344379309555124	5.294249537975501	7.757832708254851	9.851215046423675
53	PyBDEI (p)					0.1070367343576476	0.6621659239665791	0.12280464115624758	0.117591641176865	5.39202686260113	8.143014714954248	9.342586972605556
53	PyBDEI (lambda)					0.07035778114818136	0.5610734557865708	0.03368086526604105	0.5432871354446165	16.658522616765328	29.690448630138263	14.213069026351016
53	PyBDEI (mu)					0.13756376622846495	0.5094691293521383	0.09474986748548987	0.14641785292208756	5.3769904156347135	10.554104470416712	7.26935607694258
54	PyBDEI (mu)					0.08871509305463961	0.2702711934034463	0.11651027426071606	0.6334134540692864	2.3197198283016487	8.582934048908779	11.2720391262409
54	real	0.0		3.0	0.0	0.08871509305463961	0.28402354783504197	0.1438108095894452	0.571322235379891	1.9749805222978698	6.95358021316218	11.2720391262409
54	PyBDEI (psi)					0.09029380051259496	0.30806938075025897	0.1438108095894452	0.5152355276745662	2.142185150266127	6.95358021316218	11.074957464665713
54	PyBDEI (p)					0.08810389155723447	0.2889489929630683	0.12692518956324486	0.571322235379891	2.2765299304051028	7.8786567382018	11.350236434793295
54	PyBDEI (lambda)					0.08230677322127462	0.28402354783504197	0.11834329629337985	0.6405612371371656	2.3999969303789817	8.449992786418102	12.149668379193855
55	real	0.0		4.0	0.0	0.2599024943443348	2.242600085634396	0.5056134603067169	0.8474586090916709	4.43540423997807	1.97779544752107	3.84759677864091
55	PyBDEI (p)					0.2779867848213353	2.328699215123998	0.44854496265836175	0.8474586090916709	5.191673988093972	2.229430900468408	3.5972933053012186
55	PyBDEI (psi)					0.2931422475526466	2.4259512521954005	0.5056134603067169	0.7247733505549824	4.798035342500103	1.97779544752107	3.4113131367064575
55	PyBDEI (lambda)					0.3148836588266406	2.242600085634396	0.4922945432779519	0.7446935996677373	4.55540309405423	2.031304254037598	3.1757761064080827
55	PyBDEI (mu)					0.2599024943443348	2.6131501536671258	0.5092533695225886	0.7412309754489079	5.131336010828724	1.9636590739448088	3.84759677864091
56	PyBDEI (mu)					0.052012893997770114	0.1628400886830275	0.10348556407145093	0.06623661419557067	1.5735536656165452	9.663183546156802	19.2260019225785
56	PyBDEI (lambda)					0.050745716095175336	0.18246157832301516	0.11688804300216675	0.06117758582983601	1.560994380919123	8.555194991000599	19.70609692696947
56	PyBDEI (psi)					0.051824672466678115	0.1826544191886736	0.11805447065931254	0.05977670023272634	1.547204592664574	8.4706660782534	19.295828654642698
56	real	0.0		3.0	0.0	0.052012893997770114	0.18246157832301516	0.11805447065931254	0.06207959311582401	1.5455711020853402	8.4706660782534	19.2260019225785
56	PyBDEI (p)					0.05153686723888313	0.17357338841891531	0.11085973286381104	0.06207959311582401	1.565702748284147	9.020407808744046	19.403585308451344
57	PyBDEI (p)					0.11015165936877164	0.8501572004904621	0.17553524238407026	0.219527252953044	4.843227997659422	5.696861703771173	9.078392515651048
57	PyBDEI (mu)					0.122791979375173	0.9822862276383172	0.2490320946601753	0.1451195330063804	3.9444161965497964	4.015546676281152	8.14385438762776
57	PyBDEI (lambda)					0.13697212418320887	0.7804033370149672	0.1914786848405664	0.18383974046723156	4.075666895585614	5.222513413608644	7.300755580474439
57	real	0.0		3.0	0.0	0.122791979375173	0.7804033370149672	0.1925540167169268	0.219527252953044	4.05290603811312	5.193347908551281	8.14385438762776
57	PyBDEI (psi)					0.11813451986991673	0.8683641948803656	0.1925540167169268	0.18790398470437444	4.509717375342762	5.1933479085512815	8.464926264576563
58	real	0.0		3.0	0.0	0.9136373886066594	0.3512756373109239	0.19289660605165185	0.331334667592652	1.8210565986674903	5.1841243890638	1.09452613528114
58	PyBDEI (p)					1.0064228610078505	0.35398990778150163	0.20659450343408609	0.331334667592652	1.7134526906445118	4.840399833382062	0.9936181288634296
58	PyBDEI (mu)					0.9136373886066594	0.2288366285368993	0.09391002108911438	1.0	2.436764744411553	10.648490846904043	1.09452613528114
58	PyBDEI (lambda)					0.8517635560197571	0.3512756373109239	0.19671943264384872	0.3824730717307367	1.785668210760306	5.0833818833264575	1.1740347340909294
58	PyBDEI (psi)					0.8942723642363749	0.3397521722588161	0.19289660605165185	0.39155282742853403	1.761317522444334	5.1841243890638	1.1182275557110686
59	PyBDEI (p)					0.1288708569095791	2.2023605931738888	0.5472379655742166	0.63595888224514	4.024502559618561	1.8273585951784257	7.759706298078234
59	real	0.0		2.0	0.0	0.1903061449480532	1.698200128591848	0.5084974514619977	0.63595888224514	3.33964334277251	1.9665781944921599	5.254691067768539
59	PyBDEI (mu)					0.1903061449480532	1.8706891295059953	0.6073074848551452	0.5255600718567505	3.0802998088393254	1.6466123420799263	5.2546910677685394
59	PyBDEI (lambda)					0.16252822381304738	1.698200128591848	0.5025154909664175	0.6721927860773121	3.3793985640640414	1.9899884042914584	6.152777508663836
59	PyBDEI (psi)					0.12688515066144807	2.1570881321814177	0.5084974514619977	0.6632294000970752	4.242082484345799	1.96657819449216	7.881142866498036
60	PyBDEI (mu)					0.12300247803566698	0.2663357560076456	0.15584933467744613	1.0	1.7089309784919382	6.416453442484382	8.129917510361299
60	real	0.0		3.0	0.0	0.12300247803566698	0.2773905052899667	0.16309292888037394	0.880710646337615	1.7008125808656502	6.131473674946902	8.129917510361299
60	PyBDEI (p)					0.13500236479289934	0.27672628649987363	0.16804232125658705	0.880710646337615	1.646765436412503	5.9508818523940805	7.407277654239999
60	PyBDEI (lambda)					0.12497043932678688	0.2773905052899667	0.15841643261339547	0.9830532238175138	1.7510210318074726	6.3124764489579945	8.001892330594169
60	PyBDEI (psi)					0.12775162280531685	0.2663078624737176	0.16309292888037394	0.980668810251596	1.6328596481889794	6.131473674946902	7.827689214750088
61	PyBDEI (p)					0.1087918214947962	0.6799560859108724	0.22987701665572402	0.7442083574994129	2.957912434235262	4.350152157654164	9.191867424040074
61	PyBDEI (mu)					0.07004997879593602	0.7628452096035077	0.1924923206369	1.0	3.962990352443564	5.195012438373109	14.2755218086949
61	PyBDEI (lambda)					0.06283131268342096	0.8778072703073914	0.1927247193419361	1.0	4.554720708919378	5.188747989435543	15.915631192341234
61	real	0.0		1.0	0.0	0.07004997879593602	0.8778072703073914	0.21023903194279575	0.7442083574994129	4.17528211672053	4.7564906989872915	14.275521808694899
61	PyBDEI (psi)					0.09596494202878124	0.6464355684521572	0.21023903194279575	0.9331927477500248	3.074764768837248	4.756490698987291	10.420472089693817
62	PyBDEI (mu)					0.1688781216486009	1.092746408498602	0.2868180637643519	0.1516766286274492	3.8098939591071086	3.4865307535915666	5.9214301428623495
62	PyBDEI (lambda)					0.15228388344812172	1.2178507935885243	0.30771583030229865	0.14598033262507246	3.9577125180466446	3.2497515614247225	6.566683074776383
62	PyBDEI (psi)					0.1896702997807734	1.2455900962813728	0.3910850578661515	0.10672877741817588	3.184959566283596	2.55698851154331	5.272306740464003
62	real	0.0		2.0	0.0	0.1688781216486009	1.2178507935885243	0.3910850578661515	0.137429473566679	3.11403048797976	2.55698851154331	5.9214301428623495
62	PyBDEI (p)					0.16970225808799266	1.149585764633033	0.31154101270417817	0.137429473566679	3.6899981631780046	3.20985025798046	5.8926735051544705
63	real	0.0		3.0	0.0	0.021548245121064	0.4978410543960198	0.10492488597725393	0.07098842626741701	4.744737625961719	9.530627464458568	46.4074913934626
63	PyBDEI (psi)					0.02996205109397582	0.4001134557091385	0.10492488597725393	0.06870402672511444	3.813332289880943	9.53062746445857	33.37555218978518
63	PyBDEI (mu)					0.021548245121064	0.3637597765129787	0.06461877811164762	0.12022782450669235	5.62931994604538	15.475377734196876	46.4074913934626
63	PyBDEI (lambda)					0.016093865203646116	0.4978410543960198	0.0740848747281112	0.10934389302435814	6.719874417323082	13.49803186777279	62.13547754665218
63	PyBDEI (p)					0.02954940086611647	0.38364006374185133	0.09551129906943108	0.07098842626741701	4.016698207224339	10.46996543595391	33.84163369439663
64	real	0.0		2.0	0.0	0.037711049563551036	0.19818840296493945	0.18508160601107848	0.524067573402039	1.0708163130650403	5.4030220590377995	26.517426896718693
64	PyBDEI (mu)					0.037711049563551036	0.16062089179816674	0.12919122349058276	0.6736370319539902	1.2432802125283304	7.740463887416422	26.517426896718693
64	PyBDEI (lambda)					0.039603337325689485	0.19818840296493945	0.15661174242842466	0.5588294047219681	1.265476010239247	6.385217254427933	25.250397252539887
64	PyBDEI (p)					0.041524881283489024	0.18507945245993435	0.1515148156465401	0.524067573402039	1.221527094034785	6.600014630469144	24.08194723479237
64	PyBDEI (psi)					0.04276196539913278	0.21540803727614508	0.18508160601107848	0.4790237634687206	1.1638543770970484	5.4030220590378	23.385267507378888
65	PyBDEI (p)					0.6002731156486472	1.8152316031835547	0.4276724061749308	0.7316640407464409	4.2444440580556675	2.3382383000669207	1.665908357264032
65	real	0.0		3.0	0.0	0.5433503868218993	1.8734368773331291	0.4508041590666495	0.7316640407464409	4.15576662205583	2.2182581502140803	1.8404330322631801
65	PyBDEI (lambda)					0.5471879651005918	1.8734368773331291	0.4038178347226188	0.8017841562785477	4.639311878386915	2.4763641276193185	1.827525573988393
65	PyBDEI (mu)					0.5433503868218993	1.729050035380734	0.3447785579471789	0.9613547679152062	5.014958139147475	2.900412386298115	1.84043303226318
65	PyBDEI (psi)					0.5958551893375487	1.843056412067709	0.4508041590666495	0.7106455457651393	4.088374907373517	2.2182581502140803	1.6782601173814826
66	PyBDEI (mu)					0.051294469765019016	0.440408605929377	0.13069652331684367	0.8645322186563174	3.3697040652084342	7.651312939486003	19.4952790150872
66	PyBDEI (psi)					0.05865637533610001	0.4684541563000672	0.16262423028674672	0.6962330879898673	2.880592612023846	6.149145168814959	17.048445190655187
66	PyBDEI (lambda)					0.05256841720257021	0.4881489139098705	0.149114275909423	0.7497085736681127	3.27365646872328	6.7062660090804025	19.02282878608541
66	PyBDEI (p)					0.06030256035665577	0.4674399832307608	0.15989709552511105	0.669291842439362	2.9233800757647384	6.25402229300003	16.583043805861006
66	real	0.0		2.0	0.0	0.051294469765019016	0.4881489139098705	0.16262423028674672	0.669291842439362	3.0016985356311494	6.149145168814959	19.4952790150872
67	PyBDEI (psi)					0.09282390126608396	0.4835619145277583	0.3533654138431573	0.5539148064310948	1.3684472095573823	2.82993173871808	10.77308738762718
67	PyBDEI (lambda)					0.0907156988853386	0.454177439001677	0.3254393689041869	0.5923160592740797	1.3955823492743804	3.07276898725308	11.02345032102949
67	PyBDEI (p)					0.09527335507085727	0.48387778292171	0.35097291120473645	0.526703751306	1.3786755828555806	2.8492227407734623	10.496114042129344
67	PyBDEI (mu)					0.08646411798231522	0.4557809724457065	0.32187498266810355	0.6105717198578438	1.416018631419013	3.1067962837954837	11.5654912504229
67	real	0.0		3.0	0.0	0.08646411798231522	0.454177439001677	0.3533654138431573	0.526703751306	1.2852911496405406	2.8299317387180802	11.5654912504229
68	PyBDEI (lambda)					0.08887729865442777	0.9954866608963896	0.32106239223277594	0.14834470881384487	3.1006018922784464	3.1146594063716506	11.251467080341792
68	PyBDEI (p)					0.09181442247902262	0.8352589793903612	0.2644977713363281	0.177217400892237	3.157905547447009	3.7807501928945455	10.891535044273416
68	real	0.0		2.0	0.0	0.07226518535204791	0.9954866608963896	0.25075341189139755	0.177217400892237	3.9699825154424597	3.98798162887253	13.837922024670503
68	PyBDEI (mu)					0.07226518535204791	0.8687251237464497	0.22922349878461454	0.2204841892532344	3.789860674636724	4.3625544732638035	13.837922024670506
68	PyBDEI (psi)					0.08916484880499831	0.8183119046653554	0.25075341189139755	0.1880109005904236	3.2634128424931266	3.98798162887253	11.215181917562372
69	real	0.0		3.0	0.0	0.07909186716948975	1.163763128745235	0.3132835616540036	0.35063685813030804	3.7147277137717087	3.191996396875809	12.6435250018444
69	PyBDEI (mu)					0.07909186716948975	1.2258322701208493	0.31586458889236	0.3316293211897154	3.8808790640934663	3.1659136071779765	12.6435250018444
69	PyBDEI (lambda)					0.10933905554291967	1.163763128745235	0.3821274560432927	0.25243466214260984	3.0454841973286197	2.616927897184928	9.145862793807128
69	PyBDEI (psi)					0.10101104589142826	1.0585114141872425	0.3132835616540036	0.3085204897117796	3.3787646201375963	3.19199639687581	9.899907393047393
69	PyBDEI (p)					0.09372012977500856	1.0504577150522103	0.2995134287575474	0.35063685813030804	3.5072140818852686	3.338748463293405	10.670066317670212
70	PyBDEI (mu)					0.2723032250249573	1.4790162792972532	0.37373089014491584	0.5444501459182344	3.957436536015949	2.6757220940774937	3.6723766305314496
70	PyBDEI (lambda)					0.3243508764979221	1.3947535496365455	0.39671018953648796	0.4831834813031623	3.5157996603670827	2.520731824832605	3.083080923958614
70	PyBDEI (p)					0.29847819609564924	1.3421303373980844	0.34349221892142495	0.584157405024765	3.9073092881475175	2.911274098551716	3.3503284765214265
70	real	0.0		3.0	0.0	0.2723032250249573	1.3947535496365455	0.3867177336222568	0.584157405024765	3.6066449205014504	2.5858653820535498	3.6723766305314505
70	PyBDEI (psi)					0.3156309914748635	1.4034166370363832	0.3867177336222568	0.4974671963935575	3.6290464983103945	2.5858653820535498	3.1682566890128685
71	real	0.0		4.0	0.0	0.13067735491126306	0.4572430631637733	0.12148112555177235	0.4615968161577801	3.7639020966175294	8.23173143529876	7.652435272194281
71	PyBDEI (lambda)					0.16491152149253582	0.4572430631637733	0.1418408624368655	0.33469783356818866	3.223634256787573	7.0501545381191395	6.063857703509586
71	PyBDEI (psi)					0.16237964216540954	0.4190150480177385	0.12148112555177235	0.4027138355828527	3.4492193426308377	8.23173143529876	6.158407462071757
71	PyBDEI (mu)					0.13067735491126306	0.3943074694368707	0.08822679301723355	0.6248648140887875	4.469248580302015	11.334425357665074	7.652435272194282
71	PyBDEI (p)					0.1565553312211866	0.4023290659030585	0.10845696750595772	0.4615968161577801	3.7095732543043662	9.220246730068943	6.387518024455947
72	PyBDEI (p)					0.06533356313591826	0.2320465793467336	0.2006927870252283	0.319331660323189	1.1562277986481095	4.982740111503329	15.306068611620429
72	PyBDEI (lambda)					0.06757952260357218	0.2393875782371885	0.20833168996287568	0.29662054823540684	1.149069439603005	4.800037863554019	14.797381832157855
72	PyBDEI (psi)					0.06862925663693534	0.2489395092285992	0.21662403971064767	0.284087632478056	1.1491776700366054	4.616292823897731	14.571045192726354
72	real	0.0		4.0	0.0	0.06804497628753181	0.2393875782371885	0.21662403971064767	0.319331660323189	1.10508315954659	4.616292823897731	14.6961620763065
72	PyBDEI (mu)					0.06804497628753181	0.25022605754394783	0.2177882523063992	0.2859113352873094	1.1489419419735871	4.591615890250742	14.6961620763065
73	real	0.0		3.0	0.0	0.0455061483669881	0.31819582649715866	0.13775130063337335	0.7415413138540641	2.30992974319742	7.259459586966162	21.9750525123642
73	PyBDEI (p)					0.050595296355749116	0.3214911076542092	0.1271776656278839	0.7415413138540641	2.5278896736072958	7.863015845297513	19.764683123283465
73	PyBDEI (psi)					0.05112300394585198	0.33295114398252906	0.13775130063337335	0.7077855658080231	2.4170453741753213	7.259459586966162	19.560665900211404
73	PyBDEI (lambda)					0.04928405897131863	0.31819582649715866	0.1234375811771347	0.7753809300105382	2.577787278904494	8.101260495091731	20.29053655223407
73	PyBDEI (mu)					0.0455061483669881	0.32420176826571523	0.12058192669492936	0.8068937078253183	2.688643125482157	8.293116782998387	21.9750525123642
74	PyBDEI (mu)					0.15730131081714605	1.0544408297793508	0.31861819544592884	0.3757869545964605	3.3094181212833305	3.1385527075766304	6.35722610832178
74	PyBDEI (psi)					0.14274875556568584	1.1138799062331102	0.3226588412987172	0.3877488514664649	3.452190870548256	3.0992487172362995	7.005315009838037
74	PyBDEI (lambda)					0.12938375682179018	1.1300656775237978	0.2973164114169661	0.4291037473700817	3.800885636073944	3.3634201194416	7.728945460884815
74	PyBDEI (p)					0.15669614193320186	1.1440629508260618	0.3551395329287652	0.32800346569803995	3.2214463464295338	2.8157946589420746	6.381778055686215
74	real	0.0		2.0	0.0	0.15730131081714605	1.1300656775237978	0.3226588412987172	0.32800346569803995	3.5023546014584	3.0992487172362995	6.35722610832178
75	PyBDEI (mu)					0.05779730721915105	0.5277442243997669	0.14239335517565324	0.522650041921041	3.70624193628104	7.022799615659188	17.3018441189359
75	PyBDEI (p)					0.054069469956658116	0.508124425101413	0.12749270219981546	0.605017677164895	3.985517730301496	7.843586203332097	18.494725411615764
75	PyBDEI (psi)					0.0555011337548566	0.5094942593550084	0.1276256694048513	0.5786824052299621	3.992098625072062	7.835414338379079	18.017649953186687
75	PyBDEI (lambda)					0.05873696576254098	0.5084298586916725	0.13799318754792586	0.5395083864360958	3.684456223718231	7.2467345509552334	17.025053763293673
75	real	0.0		2.0	0.0	0.05779730721915105	0.5084298586916725	0.1276256694048513	0.605017677164895	3.9837586048527798	7.8354143383790795	17.3018441189359
76	PyBDEI (p)					0.15456076609021122	1.377739095892221	0.4353807316935005	0.691824159284543	3.1644466454296896	2.296840276119478	6.469947227204723
76	PyBDEI (lambda)					0.16298878774066164	1.3058667507996935	0.4280511775871799	0.6939335367824464	3.050725752375092	2.336169253491501	6.135391359503468
76	real	0.0		3.0	0.0	0.17265877407994604	1.3058667507996935	0.4428951181050823	0.691824159284543	2.94847853908803	2.2578709024350494	5.7917705331150495
76	PyBDEI (mu)					0.17265877407994604	1.3564407647342591	0.4609808800396725	0.6310936864700014	2.9425098164972097	2.169287368087672	5.7917705331150495
76	PyBDEI (psi)					0.15662440083247253	1.3885809415812187	0.4428951181050823	0.6727940785926247	3.1352365036720973	2.25787090243505	6.384701200355193
77	PyBDEI (p)					0.28822251609300825	3.768052201773704	0.7408831904808383	0.362849399126009	5.085892418922628	1.3497404352648266	3.469541566548896
77	real	0.0		1.0	0.0	0.30345948987953064	3.2322798643299904	0.8874256126725684	0.362849399126009	3.6423107674294704	1.1268550126566699	3.2953327654936304
77	PyBDEI (psi)					0.3044777286184276	3.9505773762051715	0.8874256126725684	0.31798713858244004	4.451727919264831	1.12685501265667	3.2843124669167616
77	PyBDEI (lambda)					0.2852411697183244	3.2322798643299904	0.5855173097477023	0.4880814452768255	5.520383104852646	1.7078914377969407	3.5058052839549765
77	PyBDEI (mu)					0.30345948987953064	3.3627423901057414	0.6558239912376287	0.42180482556372745	5.127507433449928	1.5247993567799565	3.2953327654936304
78	PyBDEI (p)					0.028447970747528237	0.4068561845850304	0.09447575815815301	0.90701115427255	4.306461176040003	10.584725854499034	35.15189216393887
78	PyBDEI (mu)					0.024982913692043	0.4214422140355079	0.08809051889556159	1.0	4.784194931751527	11.351959467801304	40.0273567897926
78	real	0.0		3.0	0.0	0.024982913692043	0.4912263757093616	0.10267710145103404	0.90701115427255	4.784186237898661	9.739269865120733	40.0273567897926
78	PyBDEI (psi)					0.027066619015789925	0.40841210740219147	0.10267710145103404	0.9559526370178656	3.977635730172615	9.73926986512073	36.94587785111348
78	PyBDEI (lambda)					0.02124613841273169	0.4912263757093616	0.08847964762739786	1.0	5.551857278839936	11.302034160569468	47.067376695651795
79	real	0.0		3.0	0.0	0.13422950669592504	0.2239345528162022	0.20157870289601468	0.176087602239528	1.1109038286238	4.96084152558445	7.44992680532855
79	PyBDEI (p)					0.1628059564891453	0.1687048387368337	0.1516866892767786	0.176087602239528	1.1121927674814138	6.592536265165147	6.142281410119491
79	PyBDEI (mu)					0.13422950669592504	0.13907306233304706	0.12225776717617745	0.2637596284144792	1.1375396880317488	8.179439418020511	7.44992680532855
79	PyBDEI (psi)					0.18835756032574175	0.2194204144076749	0.20157870289601468	0.11639184965130599	1.0885099033545422	4.96084152558445	5.3090515627332415
79	PyBDEI (lambda)					0.18957779863162172	0.2239345528162022	0.2052387553944561	0.11338553219240988	1.0910929194918082	4.872374119001367	5.274879269714228
80	PyBDEI (lambda)					0.03887679828468613	0.8961836333111867	0.16900571746546236	0.9503482224904946	5.3026823396926135	5.9169595857273745	25.722282804186264
80	real	0.0		2.0	0.0	0.04653167385329602	0.8961836333111867	0.20769044028067613	0.7823454687341759	4.314997031640311	4.81485810636534	21.4907377532297
80	PyBDEI (mu)					0.04653167385329602	0.7688504696147034	0.1666308268527479	0.9561613512748384	4.614095027531362	6.001290510811079	21.4907377532297
80	PyBDEI (psi)					0.04826676883789776	0.8299636986371788	0.20769044028067613	0.8169203124888175	3.9961574423721804	4.81485810636534	20.718188187787433
80	PyBDEI (p)					0.05010211392283489	0.8228366870628999	0.19688893992405904	0.7823454687341759	4.179192022570042	5.079005455490312	19.95923767887632
81	PyBDEI (mu)					0.033155856723351015	0.3660158213531397	0.11491200806385553	0.6028705306858513	3.1851834070269502	8.70231072321275	30.1605839458137
81	real	0.0		3.0	0.0	0.033155856723351015	0.41106455860752616	0.11788032158965625	0.504524531724421	3.4871346893542596	8.48318011449799	30.160583945813705
81	PyBDEI (psi)					0.035690091439319435	0.3579863042955869	0.11788032158965625	0.5785521494818481	3.0368622978629496	8.48318011449799	28.01898117017177
81	PyBDEI (lambda)					0.033414457766577206	0.41106455860752616	0.12970402799750874	0.5292571126926058	3.1692505233177606	7.709860791826812	29.927165270365382
81	PyBDEI (p)					0.038202358227749936	0.3728478175077648	0.12928115631673018	0.504524531724421	2.8840074464859566	7.735079330123463	26.17639450523781
82	PyBDEI (lambda)					0.0418506631795541	0.7315427809163592	0.11350852104878233	1.0	6.444826997631003	8.809911280319053	23.894483958585013
82	PyBDEI (psi)					0.033296771871135195	0.9708944755515808	0.1598195275157893	0.8383375082594744	6.074942722225616	6.25705766713148	30.03294144760307
82	PyBDEI (p)					0.033838458483351326	0.9309477067994234	0.12286577403759005	0.903842773768335	7.576949024995402	8.138963090681838	29.552173616064824
82	real	0.0		2.0	0.0	0.03847822854266194	0.7315427809163592	0.1598195275157893	0.903842773768335	4.57730536616739	6.25705766713148	25.9887223989865
82	PyBDEI (mu)					0.03847822854266194	0.8011840276411613	0.1132571301454567	1.0	7.074027274152157	8.829466177676363	25.9887223989865
83	real	0.0		1.0	0.0	0.06430333404620288	0.8110338513184452	0.20742622269937624	0.6175750552243111	3.9099870824619902	4.8209912275619295	15.5512931768279
83	PyBDEI (mu)					0.06430333404620288	0.6861558186259976	0.21199460598716952	0.5972020888392048	3.2366664021042384	4.717101151434592	15.551293176827901
83	PyBDEI (p)					0.0620440440087538	0.6878980927291862	0.20697675114591704	0.6175750552243111	3.3235524710899704	4.831460511692965	16.117582533126143
83	PyBDEI (lambda)					0.05569730336377576	0.8110338513184452	0.2282345928473463	0.5654808859499875	3.5535097515252723	4.381456761328225	17.954190591036348
83	PyBDEI (psi)					0.06236902247252901	0.6882141939926686	0.20742622269937624	0.6127440382860636	3.3178745919222585	4.8209912275619295	16.033600661938525
84	PyBDEI (lambda)					0.06835958529704186	0.4359138086073676	0.12291595955802415	0.7934909663172767	3.546437827722352	8.135640022628115	14.628526426172938
84	PyBDEI (mu)					0.060459993987390076	0.5209445638418483	0.13887674244985762	0.7086718759614011	3.7511289122434506	7.200629726471707	16.539862710018898
84	PyBDEI (psi)					0.06249050945735884	0.4880270274973834	0.1269856997489026	0.7592663508601224	3.8431652419319033	7.874902465217481	16.002429947900527
84	PyBDEI (p)					0.05867705975265641	0.4652473191944645	0.11372545698846175	0.887936182248978	4.090969001264748	8.793106015845307	17.04243539494544
84	real	0.0		1.0	0.0	0.060459993987390076	0.4359138086073676	0.1269856997489026	0.887936182248978	3.432778726024501	7.874902465217482	16.539862710018898
85	PyBDEI (lambda)					0.2184258407405188	0.5660064406372673	0.11874616568491456	0.7989497509248921	4.766523932563259	8.421324547467384	4.578212891889289
85	PyBDEI (mu)					0.20972594639148107	0.694821877973229	0.1604394684280736	0.5652329326659017	4.330741586099954	6.232880286862262	4.76812724989863
85	PyBDEI (psi)					0.1910873710615156	0.6966337689546931	0.14606259734590474	0.6469859290508415	4.7694192874369365	6.846379690426871	5.233208214885514
85	real	0.0		1.0	0.0	0.20972594639148107	0.5660064406372673	0.14606259734590474	0.8128307659723	3.8750949998297894	6.846379690426871	4.76812724989863
85	PyBDEI (p)					0.1789390809942874	0.6635844650572976	0.12236230659389875	0.8128307659723	5.4231117697023326	8.172451368695121	5.58849410896396
86	PyBDEI (psi)					0.08673826276554915	0.3559394644084934	0.2491962288251991	0.1404587929334039	1.4283501242635992	4.01290181923844	11.528937381452625
86	PyBDEI (p)					0.08368695189302483	0.34775859842625345	0.2411764137143572	0.15070290584563598	1.4419262359466434	4.146342441198969	11.949294093997805
86	real	0.0		3.0	0.0	0.07631860064898215	0.36292398111624574	0.2491962288251991	0.15070290584563598	1.4563783040666398	4.01290181923844	13.102965613839999
86	PyBDEI (mu)					0.07631860064898215	0.33760667424669216	0.2273642297749042	0.1686822959653753	1.4848715410552067	4.398229224491571	13.10296561384
86	PyBDEI (lambda)					0.08810105452928314	0.36292398111624574	0.25598045990496715	0.1359594468697106	1.417780018252102	3.906548180948071	11.350601934822686
87	PyBDEI (psi)					0.03786880857672023	0.12814574135368142	0.1073011420252733	0.1282877855734247	1.194262604618863	9.31956530121985	26.40695700721749
87	real	0.0		3.0	0.0	0.03883141767375	0.1299655614952804	0.1073011420252733	0.124218461890226	1.2112225372649699	9.31956530121985	25.752343331930398
87	PyBDEI (mu)					0.03883141767375	0.13412970643441405	0.1129587577430152	0.1206358156456319	1.1874219326983342	8.852788575057033	25.752343331930398
87	PyBDEI (lambda)					0.03821615175091372	0.1299655614952804	0.10911511894828853	0.12567150383138526	1.1910866500257702	9.164632817510071	26.16694654443041
87	PyBDEI (p)					0.03834972922927267	0.13181612622362907	0.11077089497601768	0.124218461890226	1.1899888165764818	9.027642145678284	26.075803404543773
88	PyBDEI (lambda)					0.5654562282659593	1.9533979523420488	0.3965822709211097	0.2712384459323173	4.9255806312396375	2.5215448932635858	1.7684834829154192
88	PyBDEI (p)					0.5294351187399066	2.003076943130738	0.3851408608445526	0.287064654218774	5.200894391569643	2.596452627246974	1.8888055676776252
88	PyBDEI (psi)					0.5621953875789876	2.0962173070333194	0.4558824400888929	0.2330622800737177	4.598153213851747	2.19354796777215	1.7787410250844535
88	real	0.0		3.0	0.0	0.4951937247384661	1.9533979523420488	0.4558824400888929	0.287064654218774	4.28487210861018	2.19354796777215	2.0194116969639397
88	PyBDEI (mu)					0.4951937247384661	2.085666143813647	0.389143174202318	0.28999536603630266	5.3596369718907	2.5697482733696715	2.01941169696394
89	PyBDEI (p)					0.0632380196142711	0.8730072362818689	0.2328831945085165	0.7978862096114008	3.7486914335930877	4.293998122579987	15.81327192248644
89	PyBDEI (psi)					0.06138038628229301	0.8320054149457212	0.19720893191169325	0.8821174975501991	4.218903306663001	5.0707642412859	16.29184924645024
89	real	0.0		3.0	0.0	0.05757583715002707	0.9349368955130328	0.19720893191169325	0.7978862096114008	4.740844577626339	5.0707642412859	17.368397048127502
89	PyBDEI (mu)					0.05757583715002707	0.9065241992485228	0.2262390197978572	0.8338107765364949	4.006931253762039	4.4201040160689	17.368397048127502
89	PyBDEI (lambda)					0.058002577637914665	0.9349368955130328	0.2326052802104535	0.8090830028465608	4.019413895794338	4.299128545556806	17.240613102448197
90	PyBDEI (psi)					0.1827069238731032	1.8004733172534402	0.34928025440687704	0.6711229430093596	5.1548099113443335	2.86303043868921	5.473246326967539
90	PyBDEI (p)					0.20014062914023736	1.8125482833556177	0.36022220121225296	0.575876588981556	5.031750617412984	2.776064319841219	4.996486741826447
90	PyBDEI (mu)					0.27893264075157304	1.4118396439565872	0.3298063204557444	0.6040759354193335	4.280814394356149	3.032082582947912	3.585094943731
90	PyBDEI (lambda)					0.20415576048644907	1.4520394609171634	0.2682016313197038	0.845485102460126	5.413984448089699	3.728538096802149	4.898220836959315
90	real	0.0		2.0	0.0	0.27893264075157304	1.4520394609171634	0.34928025440687704	0.575876588981556	4.15723317478371	2.86303043868921	3.5850949437310002
91	PyBDEI (mu)					0.02484341990219798	0.1473139476323162	0.10749521992665838	0.6215623587672308	1.370423240520139	9.302739235123925	40.25210715500271
91	PyBDEI (psi)					0.02600067706062636	0.1599553984080042	0.12011065648701252	0.5630687730093757	1.3317336120404943	8.32565593468494	38.46053691864552
91	real	0.0		2.0	0.0	0.02484341990219798	0.15584505646256214	0.12011065648701252	0.5723858711868559	1.29751231922884	8.32565593468494	40.252107155002705
91	PyBDEI (p)					0.02588471729916468	0.15417319909691776	0.11370644731881473	0.5723858711868559	1.3558879266066661	8.794576064769307	38.63283451939693
91	PyBDEI (lambda)					0.025421729778892125	0.15584505646256214	0.1137130824766846	0.5877377486243869	1.3705112293874908	8.794062901294028	39.33642630527481
92	PyBDEI (lambda)					0.033558296669891186	0.4874823927574786	0.14068865770732222	0.02280807669132373	3.464972945947065	7.107893530979038	29.79889026659714
92	PyBDEI (mu)					0.033180261010920975	0.483918920035029	0.13809173457635976	0.02333516987487131	3.5043293613452247	7.24156303103743	30.1384006494361
92	PyBDEI (psi)					0.033610436788630016	0.4968726249651058	0.14465241205390025	0.022370725988362424	3.434941857588669	6.913123575342669	29.75266302811891
92	PyBDEI (p)					0.03215273500661229	0.4820879405468905	0.13401417067595225	0.024412580832833	3.5972907798876324	7.461897461709562	31.10155325182593
92	real	0.0		3.0	0.0	0.033180261010920975	0.4874823927574786	0.14465241205390025	0.024412580832833	3.37002602193618	6.913123575342669	30.1384006494361
93	PyBDEI (lambda)					0.02814549563536394	0.3371102327221689	0.1021552732130513	0.2059455521629775	3.2999787687817563	9.789019876775587	35.52966389206275
93	PyBDEI (p)					0.029690281031569943	0.3604382080863334	0.11495350256182747	0.176422734291013	3.1355130557459314	8.69916947038784	33.681055391045
93	PyBDEI (psi)					0.028069408961111143	0.35502413234665875	0.10865812577242588	0.19415755574012525	3.267350046974149	9.20317733157302	35.625972794277686
93	PyBDEI (mu)					0.02858901755705904	0.3508573169703261	0.10842858066838043	0.19298849770252205	3.23583795718394	9.22266061065961	34.9784667487843
93	real	0.0		2.0	0.0	0.02858901755705904	0.3371102327221689	0.10865812577242588	0.176422734291013	3.10248525202997	9.20317733157302	34.97846674878429
94	PyBDEI (psi)					0.1331207978365127	1.0403101692647043	0.2589623324117322	0.7559435708342038	4.0172258242201915	3.861565466633461	7.511974208779249
94	PyBDEI (mu)					0.09300458713634634	1.1999830386361037	0.21232616862491724	0.9279450227182868	5.6516021854843626	4.709735057512106	10.7521578321076
94	PyBDEI (lambda)					0.10419101060223708	1.1947246443977184	0.2232787345057022	0.8557729390515997	5.350821461088167	4.478706860345723	9.597756987093943
94	real	0.0		4.0	0.0	0.09300458713634634	1.1947246443977184	0.2589623324117322	0.7397061400763271	4.61350742894217	3.8615654666334605	10.7521578321076
94	PyBDEI (p)					0.13762029083949645	1.0265638739065928	0.2436750104352455	0.7397061400763271	4.212840176237084	4.1038266427641785	7.266370343354951
95	real	0.0		4.0	0.0	0.020781772747787003	0.4360822781589954	0.10315203328090508	0.7234656189874109	4.22756841807907	9.694428390730659	48.1190903267137
95	PyBDEI (p)					0.024722483804472985	0.3858216003330928	0.1161234990651719	0.7234656189874109	3.3225109770121413	8.611521423745343	40.44901021713167
95	PyBDEI (mu)					0.020781772747787003	0.37883741874320903	0.10000836154318846	0.8954121080300643	3.7880574473726236	9.999163915590714	48.1190903267137
95	PyBDEI (psi)					0.02232083862264173	0.3671682406409124	0.10315203328090508	0.8750916222771333	3.5594862162438883	9.69442839073066	44.80118408210808
95	PyBDEI (lambda)					0.01847799072068773	0.4360822781589954	0.10397390709306427	0.8668390213971412	4.1941511130159785	9.617797656722919	54.11843826073644
96	PyBDEI (p)					0.27827205393565296	1.4022653877570594	0.4620095253336946	0.278416699249097	3.035143889607575	2.1644575385707303	3.5936055592245637
96	PyBDEI (psi)					0.2916985119078309	1.3628307822045644	0.44347908067240055	0.2663144310965224	3.0730441222576896	2.25489779243658	3.4281971253798305
96	real	0.0		4.0	0.0	0.2913660436934683	1.297856679776292	0.44347908067240055	0.278416699249097	2.9265341621266305	2.25489779243658	3.4321089284242405
96	PyBDEI (lambda)					0.3368117886564765	1.297856679776292	0.4774544516507797	0.23932418634581976	2.7182837552126795	2.0944406247392604	2.969017218752777
96	PyBDEI (mu)					0.2913660436934683	1.6911240700883918	0.6185235733235944	0.1969715055105741	2.7341303436524687	1.6167532542479632	3.4321089284242405
97	PyBDEI (lambda)					0.03502922426484181	0.3230127031716749	0.12057533987018837	0.56724474976926	2.6789284070808415	8.29356982179442	28.547591931793974
97	PyBDEI (psi)					0.043862293957771664	0.327012780018673	0.1515333977863592	0.4473588569012419	2.158024467185215	6.5992052881296805	22.798625191895987
97	PyBDEI (p)					0.04277389432126074	0.30248993953501235	0.1295577935326473	0.480294746543074	2.3347876749598075	7.718563065432337	23.37874574826708
97	PyBDEI (mu)					0.039147417533795935	0.2653673566596632	0.10508378036166124	0.6389102514571916	2.5252932064906934	9.516216456605894	25.5444691629199
97	real	0.0		3.0	0.0	0.039147417533795935	0.3230127031716749	0.1515333977863592	0.480294746543074	2.13162713890358	6.5992052881296805	25.5444691629199
98	PyBDEI (mu)					0.022910359183603	0.12448000596387335	0.09397243066366744	0.35589518762983025	1.3246438884761236	10.641418902731756	43.6483772247317
98	PyBDEI (psi)					0.022981356170520224	0.13989794462477706	0.10751659766761283	0.32531169536756466	1.301175331619691	9.3008895528065	43.51353299518369
98	PyBDEI (lambda)					0.02127777477640636	0.1211099935046648	0.0896918419907547	0.3887146330084187	1.3502899574428258	11.149286019826402	46.997395663236354
98	PyBDEI (p)					0.023212282654966263	0.1327045743430444	0.1005730765900893	0.32154396609581104	1.3194840890063952	9.943018886413805	43.08064031720939
98	real	0.0		4.0	0.0	0.022910359183603	0.1211099935046648	0.10751659766761283	0.32154396609581104	1.126430673328	9.3008895528065	43.6483772247317
99	PyBDEI (psi)					0.10096403127260073	0.18495643743224074	0.12284323312387455	1.0	1.5056298399907102	8.14045653610895	9.904517355294793
99	PyBDEI (mu)					0.10557478287890998	0.1798630322181374	0.11480906751702083	1.0	1.566627411127367	8.71011342245896	9.47195885921887
99	real	0.0		4.0	0.0	0.10557478287890998	0.1896098780028855	0.12284323312387455	0.894496690411466	1.54351097069941	8.14045653610895	9.47195885921887
99	PyBDEI (lambda)					0.1005625520943529	0.1896098780028855	0.11729251667559452	1.0	1.61655562841494	8.525693099123975	9.944059485102855
99	PyBDEI (p)					0.1073546278309058	0.19226540654335	0.12498590962640913	0.894496690411466	1.5382966537431584	8.000901885573054	9.314922143599617
