	type	T	sampled_tips	observed_trees	unobserved_trees	mu	lambda	psi	p	R_naught	infectious_time	incubation_period
0	real	20.8580478		1.0	0.0	0.7299648936648243	1.4210610634344352	0.6069550954814479	0.447322979907068	2.34129521938888	1.6475683414549502	1.3699288947711599
0	PyBDEI (p)					0.7600750019180698	1.4105678220571032	0.6181869765339788	0.447322979907068	2.2817818485368413	1.617633560653044	1.3156596355313266
0	PyBDEI (mu)					0.7299648936648243	1.3333908214589592	0.5557948470646198	0.5161664992694314	2.399070139820731	1.7992250293096623	1.36992889477116
0	PyBDEI (psi)					0.7432138032088702	1.39861737499623	0.6069550954814479	0.4663296625588771	2.3043177088526154	1.6475683414549502	1.3455078413270043
0	PyBDEI (lambda)					0.7348922076539512	1.4210610634344352	0.6113129360464532	0.4624778752887106	2.324604927592191	1.6358233909907165	1.3607437792712094
1	real	26.8040282		1.0	0.0	0.2523725112488919	0.9070813841379691	0.2692907505391973	0.6225767763228239	3.36840898665005	3.71345840136623	3.9623966772426797
1	PyBDEI (p)					0.2362335647410406	1.000111822267222	0.3051623510007886	0.6225767763228239	3.2773106478807983	3.2769442125493913	4.233098717771967
1	PyBDEI (mu)					0.2523725112488919	1.0705807794835258	0.3572805315334152	0.5116861287260089	2.9964710780312918	2.79892104870112	3.96239667724268
1	PyBDEI (lambda)					0.25397193954674124	0.9070813841379691	0.2847524632635593	0.6531264682305199	3.1855084719614823	3.5118221227622057	3.9374428599658704
1	PyBDEI (psi)					0.2338466404614625	0.9525584698481946	0.2692907505391973	0.6852022113131767	3.5372862526503392	3.71345840136623	4.276306890818036
2	PyBDEI (mu)					0.03029711860849503	0.4833459035034389	0.11489646873594946	1.0	4.206795115820709	8.703487678965667	33.006439091525
2	PyBDEI (p)					0.027816496246437696	0.5142824118156485	0.11582409261734393	0.997036566631611	4.440202380990963	8.633782293497168	35.949890710195554
2	PyBDEI (lambda)					0.028703791040532462	0.4991666375631278	0.1152020705718778	1.0	4.3329658493567065	8.680399536534997	34.8386036739156
2	real	219.89081170000009		1.0	0.0	0.03029711860849503	0.4991666375631278	0.12767654472811538	0.997036566631611	3.90961894078582	7.832292157729361	33.006439091525
2	PyBDEI (psi)					0.02720385289635848	0.5207280393655679	0.12767654472811538	1.0	4.078494139032723	7.832292157729361	36.759498877229284
3	PyBDEI (psi)					0.10500209261375196	2.0542168580941467	0.4226364125557624	0.921461740773746	4.860482431392763	2.3660999627382098	9.523619721356217
3	PyBDEI (lambda)					0.12878071478820566	1.6863982922081189	0.42461533074493374	0.9261679102511974	3.971590684795923	2.3550727625534082	7.765137828630725
3	PyBDEI (mu)					0.12040375238506205	1.8913711468492136	0.4372721426511237	0.9001666441314766	4.325386784033571	2.2869053444318017	8.305388994870441
3	real	26.9132955		1.0	0.0	0.12040375238506205	1.6863982922081189	0.4226364125557624	0.8293398478248979	3.9901869363554106	2.3660999627382098	8.305388994870441
3	PyBDEI (p)					0.11035473384315808	2.102078169923165	0.4669306193906238	0.8293398478248979	4.501906884295831	2.141645800194188	9.061686482985428
4	PyBDEI (lambda)					0.039588066068820565	0.2622941833873122	0.13361445248451498	0.793913466055203	1.963067456476764	7.4842203175281	25.260137695576827
4	PyBDEI (p)					0.04195489232592713	0.2973973596040526	0.1542343739943892	0.6549452351128721	1.9282171146548144	6.483638984629836	23.8351225461738
4	PyBDEI (mu)					0.04677213720739507	0.274645606356394	0.1482982739206505	0.6831359881793658	1.851981139735637	6.7431668188873655	21.380250288025998
4	PyBDEI (psi)					0.039302234803432784	0.2816015594742331	0.14255609998616636	0.7543584978470219	1.9753736213431743	7.014782251317482	25.443845750793205
4	real	292.82761599999986		1.0	0.0	0.04677213720739507	0.2622941833873122	0.14255609998616636	0.6549452351128721	1.83993658224913	7.014782251317481	21.380250288025998
5	PyBDEI (lambda)					0.724441682504362	0.2873148575232717	0.20830895526521687	0.43441946315640817	1.3792727113314225	4.8005617364208355	1.3803733608246358
5	PyBDEI (psi)					0.7299157980458699	0.2845588751421165	0.20584751545822128	0.4397969461755888	1.3823770207217805	4.857964876447388	1.3700210389707954
5	PyBDEI (p)					0.7249879015713365	0.2900410489080379	0.21087922952139584	0.4271495730639	1.3753893617987174	4.742050709638712	1.37933336243626
5	real	105.7528908		1.0	0.0	0.9240026020199156	0.2873148575232717	0.20584751545822128	0.4271495730639	1.39576548632954	4.857964876447389	1.0822480345985501
5	PyBDEI (mu)					0.9240026020199156	0.28314210365371045	0.20847087768099407	0.38984795913270776	1.3581854060545553	4.7968330690784455	1.08224803459855
6	PyBDEI (p)					0.5182718918066028	0.5942953019099325	0.10874220506253528	0.032288791520142	5.465176116009108	9.196061450334962	1.9294891654536372
6	PyBDEI (psi)					0.5194190181980879	0.6286721107247322	0.13433231072568294	0.026528637377553427	4.6799768970588875	7.444225403388451	1.9252279276740607
6	real	35.586895		1.0	0.0	0.4975835768756962	0.6147459861167709	0.13433231072568294	0.032288791520142	4.576307686481551	7.444225403388452	2.00971263215509
6	PyBDEI (lambda)					0.2455858309740443	0.6147459861167709	0.009910071659304884	0.5131517766247776	62.03244610643821	100.90744389936556	4.071896151474997
6	PyBDEI (mu)					0.4975835768756962	0.4387807179518863	0.00761560839999325	0.5497928253045267	57.61597693918654	131.3092726775298	2.00971263215509
7	PyBDEI (mu)					0.050938770042800896	0.6185552588682696	0.2057142440616213	0.27971942300281544	3.0068664505457514	4.8611120953804825	19.6314123635054
7	PyBDEI (p)					0.04720592495021278	0.6027595745074922	0.1887776239433995	0.315735053639742	3.192960913038165	5.297237983564336	21.18378150739937
7	PyBDEI (psi)					0.05130982831783884	0.6354813332186503	0.2150041801769944	0.2695998338833622	2.9556696650991316	4.65107236136891	19.48944350009316
7	real	94.580591		1.0	0.0	0.050938770042800896	0.6308707935278659	0.2150041801769944	0.315735053639742	2.9342257113723296	4.65107236136891	19.6314123635054
7	PyBDEI (lambda)					0.04962369077179995	0.6308707935278659	0.2064784929145644	0.28089546134598525	3.0553825951689046	4.843119425584799	20.15166515119988
8	real	126.1754581		1.0	0.0	0.05450624562902902	0.41895452599801575	0.21185512479887966	0.969111940083884	1.9775520011410708	4.720206796740601	18.3465213657537
8	PyBDEI (mu)					0.05450624562902902	0.4218700401283504	0.1971559424332504	0.9354439642974152	2.1397784663334702	5.072127107396535	18.3465213657537
8	PyBDEI (psi)					0.0687501284705283	0.4070314723823614	0.21185512479887966	0.846262619230891	1.921272722426556	4.7202067967406	14.54542736496381
8	PyBDEI (p)					0.0653119080922822	0.3734829873470628	0.18604700983971545	0.969111940083884	2.00746568122126	5.374985606388014	15.311143545018682
8	PyBDEI (lambda)					0.06858042603425832	0.41895452599801575	0.21652633303262173	0.8285099438060672	1.934889489561052	4.6183759083443245	14.581420061468634
9	PyBDEI (lambda)					0.04318859729689176	0.1952277932119866	0.176194611577047	0.3890509225566313	1.1080236306013065	5.6755424643773305	23.154259748833493
9	PyBDEI (mu)					0.04017473589310208	0.2033339695385315	0.1806809772845767	0.4057278740533952	1.1253756349694513	5.534616953200209	24.891265064214096
9	real	726.0702309999998		1.0	0.0	0.04017473589310208	0.1952277932119866	0.16539045395073124	0.488340826384015	1.18040544994298	6.04629817569697	24.891265064214096
9	PyBDEI (p)					0.03913311733727527	0.17848702684489515	0.1581494609774115	0.488340826384015	1.1285971241494683	6.323132521727848	25.55380373562714
9	PyBDEI (psi)					0.04221341800791458	0.1878902797645602	0.16539045395073124	0.4101061686104357	1.1360406557716538	6.04629817569697	23.68915020841265
10	PyBDEI (mu)					0.08182652247933321	0.2014419385542573	0.08386017366486177	0.11642226554205885	2.4021168780224387	11.924611604030217	12.220976398606801
10	real	165.941217		1.0	0.0	0.08182652247933321	0.23762181731822946	0.10479807680327913	0.097229373886524	2.2674253628172907	9.542159842085098	12.220976398606801
10	PyBDEI (lambda)					0.10774863875343492	0.23762181731822946	0.12103073825369927	0.06693484831114484	1.9633179202801945	8.262363879032485	9.280859708012981
10	PyBDEI (psi)					0.10006986671495156	0.21894198062217216	0.10479807680327913	0.08152973995769157	2.0891793752394654	9.542159842085098	9.993018206454641
10	PyBDEI (p)					0.09255717047094073	0.2065665680305027	0.0929320995163914	0.097229373886524	2.222768764565234	10.760544582591937	10.80413321746866
11	PyBDEI (mu)					0.17693830377963493	0.5413406971119327	0.13571605276880766	1.0	3.988774253802583	7.3683251140784405	5.65168750145494
11	PyBDEI (p)					0.18543936034027045	0.5317077654990283	0.13636344952371715	0.9794623100045532	3.899195622845772	7.333343381182757	5.392598411497204
11	PyBDEI (psi)					0.1983523873138864	0.5156325999904992	0.11629346656877736	1.0	4.4338913887784726	8.59893534439089	5.041532464227575
11	PyBDEI (lambda)					0.18335140363507585	0.5313673599444806	0.13428072720000253	1.0	3.957137937993462	7.447085079533149	5.454007878719593
11	real	41.7766849		1.0	0.0	0.17693830377963493	0.5313673599444806	0.11629346656877736	0.9794623100045532	4.569193572282271	8.59893534439089	5.65168750145494
12	PyBDEI (lambda)					1.0643326069846115	1.251481111615416	0.5622771943455717	0.8628528404311934	2.2257369215765563	1.7784822327071066	0.9395559183638338
12	PyBDEI (psi)					1.0859254851680455	1.204891856448596	0.5541087076859079	0.8846273792954089	2.1744683664700304	1.80470002750226	0.9208734979133962
12	PyBDEI (p)					1.1139366179401948	1.2074815098400595	0.5532134631028425	0.859900914773923	2.1826683375845257	1.807620505819288	0.8977171446694359
12	PyBDEI (mu)					1.0078753755368204	1.1738359767902842	0.5080144006020283	1.0	2.3106352406530526	1.9684481361452324	0.992186161376722
12	real	14.16820073		1.0	0.0	1.0078753755368204	1.251481111615416	0.5541087076859079	0.859900914773923	2.258547996550901	1.8047000275022604	0.992186161376722
13	PyBDEI (p)					0.060984839650778215	0.31987659656517553	0.10843868212858347	0.82375001633051	2.9498384735612615	9.22180148606222	16.397517903242356
13	PyBDEI (lambda)					0.05608302118544341	0.3459652947103291	0.11016347267146236	0.8275733797634369	3.1404719397516843	9.077419000599896	17.830708454407485
13	real	147.63531399999997		1.0	0.0	0.05541189898330598	0.3459652947103291	0.10551883235594836	0.82375001633051	3.2787066250248	9.476981290189832	18.046665397648102
13	PyBDEI (mu)					0.05541189898330598	0.3189770795216543	0.10107786489209487	0.9134683910314452	3.1557560091141275	9.893362914497102	18.046665397648106
13	PyBDEI (psi)					0.059481888736010576	0.31513859378592884	0.10551883235594836	0.8688008931274999	2.9865625571259806	9.47698129018983	16.811840061739602
14	real	109.926551		1.0	0.0	0.16455275296236402	0.29335302179221284	0.12340278961128565	0.014676794147326	2.3771992733410996	8.103544523993047	6.077078517359821
14	PyBDEI (lambda)					0.29134053143666666	0.29335302179221284	0.15577720781828036	0.009294845332995813	1.8831575292735991	6.41942434330018	3.4324094730958707
14	PyBDEI (mu)					0.16455275296236402	0.17242130604116335	0.041813897381211884	0.05635075008743262	4.123540660876948	23.915493714521023	6.077078517359822
14	PyBDEI (psi)					0.2746695604221784	0.2547675854368194	0.12340278961128565	0.01278486047819457	2.064520471857469	8.10354452399305	3.6407383419661032
14	PyBDEI (p)					0.3000571852163145	0.2257192974056619	0.10349590505817254	0.014676794147326	2.1809490653643793	9.66221803111847	3.332698063134496
15	real	43.22401050000001		1.0	0.0	0.13900879634992494	1.152667875605596	0.29923404176890217	0.025057708098227	3.8520613122480194	3.34186576530052	7.193789359075621
15	PyBDEI (lambda)					0.09101812227862814	1.152667875605596	0.20154326762624108	0.0518523749810989	5.719208034987313	4.961713739079019	10.986823008046265
15	PyBDEI (p)					0.15058433199049215	1.1484801998226877	0.33219109404693903	0.025057708098227	3.4572877491423832	3.010315501892109	6.640797131956196
15	PyBDEI (mu)					0.13900879634992494	1.0084551308426053	0.2556054831942568	0.035401720773246034	3.9453579721378382	3.912279140115368	7.1937893590756214
15	PyBDEI (psi)					0.1298260309430938	1.1526212381398075	0.29923404176890217	0.03167944314540179	3.8519054560977213	3.34186576530052	7.702615513512282
16	PyBDEI (mu)					0.13542830635455294	1.3199315465958754	0.28428497594449104	0.2631062716223107	4.642987348207957	3.5175970755319064	7.38398069737347
16	PyBDEI (lambda)					0.2649523013953727	2.229957450884843	0.9760949311772794	0.06222971676161228	2.2845702601849043	1.0244905163003852	3.774264253352376
16	PyBDEI (p)					0.1921164014709748	1.5466115112227252	0.4910703301378002	0.129623054853193	3.1494704858033837	2.036368191332977	5.205177654501724
16	PyBDEI (psi)					0.19890416589241752	1.6408030521922088	0.558194370222384	0.11967148844979893	2.939483340791335	1.7914906587137398	5.027546786229083
16	real	32.883542		1.0	0.0	0.13542830635455294	2.229957450884843	0.558194370222384	0.129623054853193	3.9949479425892997	1.7914906587137398	7.383980697373472
17	PyBDEI (lambda)					0.0516805883102397	0.1780435041793793	0.11251732753177074	0.7203157512612386	1.5823652061866331	8.887520010796887	19.349624930679546
17	real	249.2050486		1.0	0.0	0.04589083049938593	0.1780435041793793	0.10629174696085814	0.758180898887686	1.67504542234068	9.408068157617631	21.790845559297104
17	PyBDEI (mu)					0.04589083049938593	0.1684951227887016	0.1032658630771145	0.8156253879698269	1.6316633374078005	9.683742237773613	21.790845559297104
17	PyBDEI (psi)					0.05133380497325892	0.1676748142135461	0.10629174696085814	0.7631085175240164	1.5774960804369151	9.408068157617633	19.48034049922708
17	PyBDEI (p)					0.05146330343691252	0.16826045374508494	0.10689552599424093	0.758180898887686	1.574064509997828	9.354928475246712	19.43132160619796
18	PyBDEI (mu)					0.11441676995950904	1.2918268828544228	0.4282573056666169	0.5873258884380788	3.0164736614208847	2.335044812471838	8.739977543098709
18	PyBDEI (p)					0.10966345375769504	1.2579963513832566	0.4022845100562459	0.638127425862025	3.127130973070199	2.485802895717222	9.118808187543797
18	PyBDEI (lambda)					0.1185451585659658	1.1752395018773178	0.3982253066332713	0.6280880285647892	2.9511924086723225	2.5111412643619553	8.435603883759947
18	real	82.33229614		1.0	0.0	0.11441676995950904	1.1752395018773178	0.35080214809420524	0.638127425862025	3.350149103310839	2.8506096825024505	8.739977543098709
18	PyBDEI (psi)					0.10716324609578393	1.193852282421085	0.35080214809420524	0.6884859613924347	3.403206875747196	2.8506096825024505	9.331557566912325
19	PyBDEI (psi)					0.05624492052318148	0.6734398452545971	0.16749359872269595	0.7322135212401744	4.020690046606203	5.970377421143179	17.779383288271298
19	real	70.002354		1.0	0.0	0.06327962770624318	0.7341348163315163	0.16749359872269595	0.5576676637930279	4.38306193150078	5.970377421143179	15.802874262190702
19	PyBDEI (p)					0.06596465509624072	0.6953824174793852	0.18413144351396551	0.5576676637930279	3.7765544233440163	5.4309029512613085	15.159633572570431
19	PyBDEI (lambda)					0.04281663703790111	0.7341348163315163	0.12660803615977248	0.9277556961421688	5.798485140430406	7.898392790312728	23.35540736454393
19	PyBDEI (mu)					0.06327962770624318	0.5586127789675858	0.12726103959428586	0.8835761541391252	4.389503502002416	7.857864458659514	15.802874262190702
20	real	178.80397289999996		1.0	0.0	0.04962716998629897	0.4778842627671261	0.2134527356580541	0.5988352752009151	2.23882941248729	4.684877881359061	20.150252377398896
20	PyBDEI (lambda)					0.05415300980656984	0.4778842627671261	0.21201536679610813	0.5772618442561812	2.2540076692964433	4.716639247011205	18.466194281202817
20	PyBDEI (p)					0.05566022007996458	0.4418445542140773	0.20069932151040984	0.5988352752009151	2.201524902470384	4.982577880554182	17.966152461548734
20	PyBDEI (psi)					0.05639337032271885	0.4559775777794508	0.2134527356580541	0.5779511026341333	2.136199268534629	4.68487788135906	17.732580873910564
20	PyBDEI (mu)					0.04962716998629897	0.4410161390498551	0.1889448342116476	0.6603849350851263	2.33410000802588	5.2925500936418555	20.1502523773989
21	PyBDEI (lambda)					0.02044541555939422	0.5649532010334002	0.07145029092513146	0.43138480994378897	7.906940527721312	13.995744272725787	48.910720209867385
21	PyBDEI (p)					0.04129261122966443	0.4468865506899245	0.10848704179938527	0.23075669136252305	4.119262017636254	9.217690734430796	24.217407672237602
21	real	102.7905485		1.0	0.0	0.029470472137533992	0.5649532010334002	0.11657410659714855	0.23075669136252305	4.84630092843636	8.57823430254331	33.9322694028504
21	PyBDEI (psi)					0.03948950136676388	0.4656964313045628	0.11657410659714855	0.24025565953322964	3.994853101588805	8.57823430254331	25.323186299881836
21	PyBDEI (mu)					0.029470472137533992	0.4066189153892665	0.06668393293515716	0.4479625995239959	6.097704461802801	14.996116095497706	33.9322694028504
22	PyBDEI (psi)					0.2758952191283591	0.21369942620786225	0.16482425165047376	0.5907677285295128	1.2965290245092884	6.067068346960249	3.6245644384825466
22	PyBDEI (p)					0.31871600640749204	0.2840696086244024	0.2336466698448887	0.360060548741338	1.2158085061216068	4.2799668433702545	3.1375895151041058
22	PyBDEI (lambda)					0.2772638015099861	0.19008013789532904	0.14913527522739262	0.6763469625285173	1.2745484769147075	6.705321718656162	3.606673480468684
22	real	110.832469		1.0	0.0	0.6634482255057563	0.19008013789532904	0.16482425165047376	0.360060548741338	1.1532291880105903	6.067068346960249	1.5072766216801399
22	PyBDEI (mu)					0.6634482255057563	0.3890018843674716	0.34536415145582205	0.13094756353299894	1.1263528155070592	2.8954944969959246	1.50727662168014
23	PyBDEI (psi)					0.030001009023608662	0.4686871135104905	0.11602987452985593	0.4372223348557983	4.0393658565052695	8.61847006257589	33.332212233697575
23	PyBDEI (lambda)					0.031044769905763724	0.4675801429899098	0.12052340409205595	0.4221884954929477	3.8795796261510436	8.29714367539933	32.211544908707516
23	PyBDEI (mu)					0.03154309547182404	0.4703738524363746	0.12290490294402427	0.4120441603688309	3.8271366004869742	8.136371910691302	31.70265901433969
23	PyBDEI (p)					0.03353496628531925	0.4889129473635857	0.1354845831572804	0.359062840569089	3.608624213693892	7.380913582168437	29.819621450992013
23	real	128.35951770000003		1.0	0.0	0.03154309547182404	0.4675801429899098	0.11602987452985593	0.359062840569089	4.029825464213491	8.61847006257589	31.702659014339694
24	PyBDEI (psi)					0.1894958138973093	0.7967054727448061	0.17418175049273787	0.7660967280658645	4.573989355894222	5.741129579712732	5.277161428705308
24	PyBDEI (lambda)					0.19439437322675154	0.6913692453613681	0.13633723448411988	0.9907770352872364	5.0710229525881765	7.334753442695633	5.144181816587607
24	PyBDEI (mu)					0.24134817264200906	0.7792495371801821	0.20818227826874333	0.5725410804590862	3.743111775221548	4.80348283396676	4.1433916364608105
24	real	33.247075800000005		1.0	0.0	0.24134817264200906	0.6913692453613681	0.17418175049273787	0.7447356683104871	3.9692404250478197	5.741129579712731	4.14339163646081
24	PyBDEI (p)					0.19187552015190149	0.8007590991415076	0.17639822834621582	0.7447356683104871	4.539496267331336	5.668991176245294	5.211712255989369
25	PyBDEI (mu)					0.12219550955630805	0.2794506421775215	0.2452486040650697	0.22789163069865634	1.1394586454134403	4.0774951760160825	8.18360677598547
25	PyBDEI (psi)					0.10290297978142064	0.20825028946433816	0.17535788562123167	0.3530266719167479	1.187572995229614	5.70262350311393	9.717891572470792
25	real	409.187554		1.0	0.0	0.12219550955630805	0.19999607051410215	0.17535788562123167	0.305363243821061	1.1405022922441497	5.70262350311393	8.183606775985472
25	PyBDEI (p)					0.10720176724490396	0.23768243980207335	0.2044934869924918	0.305363243821061	1.1622983367230673	4.890131293211876	9.32820442890168
25	PyBDEI (lambda)					0.10248715687760243	0.19999607051410215	0.17142283110775086	0.3651046600197746	1.1666828112784526	5.833528670235485	9.757320141042376
26	PyBDEI (mu)					0.08084575140384304	0.4274528862743599	0.17408188441495398	0.2991778623630649	2.455470238680624	5.74442311077199	12.369233789476096
26	PyBDEI (psi)					0.0797994119583444	0.4785668626136572	0.2023409901590217	0.2640979990255703	2.3651503446609947	4.94215234992223	12.531420664127245
26	real	185.81489599999995		1.0	0.0	0.08084575140384304	0.469349431171597	0.2023409901590217	0.25997681994349	2.3195963941993702	4.94215234992223	12.369233789476098
26	PyBDEI (p)					0.08134600591616359	0.4663284464802824	0.194408135154862	0.25997681994349	2.398708501106776	5.143817665878119	12.293166563464894
26	PyBDEI (lambda)					0.07139220148292177	0.469349431171597	0.1797061959942709	0.3048750278110965	2.6117598704641214	5.564638405855969	14.007132140885401
27	PyBDEI (p)					0.0990904981572668	0.2525619004196942	0.13258926457044487	0.05227976387643	1.904844266524366	7.5420887448146186	10.091784970269273
27	PyBDEI (psi)					0.08574061903300657	0.24649441590344506	0.12146732181143023	0.0651620178271894	2.0293064194344463	8.23266690239892	11.663083510221002
27	PyBDEI (lambda)					0.07426248094989936	0.24421598767049899	0.1105673189054684	0.07730208561503311	2.2087538170234198	9.04426380144904	13.465749961607704
27	real	189.531611		1.0	0.0	0.101451189975639	0.24421598767049899	0.12146732181143023	0.05227976387643	2.0105488787315795	8.23266690239892	9.856956830571681
27	PyBDEI (mu)					0.101451189975639	0.22256562568824495	0.11382284997548495	0.0614041818125507	1.9553685901923996	8.785582158726292	9.85695683057168
28	PyBDEI (p)					0.10884011327819484	0.7848837713965284	0.20338248359165528	0.611773575618017	3.859151277611461	4.916844274592337	9.18778904101289
28	PyBDEI (mu)					0.1607901496667319	0.7549997599238741	0.2625732998872781	0.4138697533596328	2.8753866453595744	3.808460343946992	6.219286455499232
28	real	38.1005749		1.0	0.0	0.1607901496667319	0.5863806506924703	0.19572555574451792	0.611773575618017	2.9959329963935697	5.109194842728191	6.2192864554992315
28	PyBDEI (lambda)					0.1160383433205795	0.5863806506924703	0.14229120684806162	0.8993562044599819	4.1209900715692624	7.027841158644461	8.617841063425878
28	PyBDEI (psi)					0.1047352856934122	0.7760856036712784	0.19572555574451792	0.6577789841824191	3.9651725637928905	5.109194842728192	9.547880577012636
29	PyBDEI (p)					0.030424389348561738	0.3755329812259289	0.13394367537593982	0.158022100106939	2.80366340681574	7.465824699772493	32.86836716896253
29	real	203.116306		1.0	0.0	0.03000401483863901	0.4082159030659852	0.13357117620546866	0.158022100106939	3.0561676153696404	7.486645161091709	33.32887299842971
29	PyBDEI (psi)					0.030176800390696725	0.3761146585735312	0.13357117620546866	0.1594530173185953	2.8158369886251875	7.486645161091709	33.13803938963297
29	PyBDEI (mu)					0.03000401483863901	0.3737673007981655	0.13199511600609348	0.16141693096928506	2.831675232445045	7.576037888809731	33.3288729984297
29	PyBDEI (lambda)					0.0295885824508172	0.4082159030659852	0.14441800884057335	0.1494208708892625	2.8266274153982063	6.924344186907637	33.796820164069096
30	PyBDEI (psi)					0.17508640122148605	1.1116533261714443	0.7191845017329399	0.6976085499119659	1.5457136847259851	1.3904637788918	5.7114658421415045
30	PyBDEI (p)					0.18773735376151152	1.1733661206750123	0.7656709190802047	0.600737301602517	1.5324679198794295	1.3060441177539996	5.326590473147557
30	PyBDEI (lambda)					0.1737407338225973	1.2371243973738468	0.7666146157630374	0.6506432475264066	1.613750079813565	1.3044363875122134	5.755702638053073
30	PyBDEI (mu)					0.1923527847873552	1.0871459340195146	0.7149868943331299	0.6697731612474308	1.52051169418077	1.3986270348811114	5.198780985185599
30	real	59.964574082		1.0	0.0	0.1923527847873552	1.2371243973738468	0.7191845017329399	0.600737301602517	1.72017666453168	1.3904637788918002	5.198780985185599
31	PyBDEI (psi)					0.13663452558947675	1.3130085743052011	0.2775524837643472	0.8882130902461491	4.7306677155157315	3.60292218047322	7.318794394650553
31	real	37.19900059999999		1.0	0.0	0.141030036025229	1.3415561957918247	0.2775524837643472	0.8219365221323579	4.83352257416964	3.6029221804732203	7.090688112857809
31	PyBDEI (lambda)					0.14523727785927454	1.3415561957918247	0.34282179832148924	0.7799345166690984	3.913275650382502	2.9169673716670332	6.885284651017317
31	PyBDEI (p)					0.13566599729985587	1.3807077369419651	0.3308061850445488	0.8219365221323579	4.173766390601279	3.0229180868106584	7.371043739056804
31	PyBDEI (mu)					0.141030036025229	1.41308369705174	0.3547293427174509	0.7552329513223643	3.983554577770832	2.8190506946489626	7.090688112857809
32	real	71.831585		1.0	0.0	0.23588156514006314	1.0073646368569718	0.5789556643538523	0.08444202266268201	1.7399685310640298	1.7272479769518403	4.2394156550818805
32	PyBDEI (p)					0.25823003835204944	0.8424596799642722	0.4925965948150517	0.08444202266268201	1.7102425977600977	2.0300586941236487	3.8725161734928872
32	PyBDEI (psi)					0.2893801272897451	0.9350353321668278	0.5789556643538523	0.06657799884745823	1.6150378858636452	1.7272479769518403	3.4556623129781774
32	PyBDEI (mu)					0.23588156514006314	0.8126356142437059	0.4555539468004498	0.09646345665681363	1.7838405746480597	2.195129703130502	4.2394156550818805
32	PyBDEI (lambda)					0.30686088438371817	1.0073646368569718	0.6427055166460826	0.05804142754810855	1.5673813445912823	1.5559225401058259	3.2588057028133215
33	PyBDEI (psi)					0.16052442048856352	1.3756429194859237	0.4346021942934824	0.2007505280436983	3.1652921626920407	2.3009547883799	6.229581748100716
33	PyBDEI (lambda)					0.17383168779307012	1.3747831417572252	0.4678415891124045	0.1839598441083818	2.938565475475325	2.1374756397720303	5.752691081216468
33	PyBDEI (mu)					0.167549028340629	1.4894956204423797	0.5033915507352121	0.17388580704416254	2.958920582331876	1.9865251980083547	5.968402263527241
33	PyBDEI (p)					0.15156995533594667	1.3563920629485855	0.4140451635668677	0.223869740549289	3.275951954766718	2.4151954617349407	6.5976136087363315
33	real	43.032771000000004		1.0	0.0	0.167549028340629	1.3747831417572252	0.4346021942934824	0.223869740549289	3.16331385301025	2.3009547883799	5.96840226352724
34	PyBDEI (psi)					0.19623439728205944	0.3189886586837368	0.26573029456229363	0.8431405811689772	1.200422628549633	3.76321413276263	5.095946550912988
34	PyBDEI (p)					0.18973574592989026	0.2990801896988738	0.2430677169957988	0.931273334593158	1.2304397860619356	4.1140798636673095	5.270488147075421
34	PyBDEI (mu)					0.17864185905425695	0.2912023401664516	0.2343545991179685	1.0	1.2425714761410218	4.267038085719938	5.59779217084995
34	real	125.226151		1.0	0.0	0.17864185905425695	0.2696828284789141	0.26573029456229363	0.931273334593158	1.01487423149525	3.76321413276263	5.597792170849951
34	PyBDEI (lambda)					0.1894467602908257	0.2696828284789141	0.22717024703850006	1.0	1.1871397420860716	4.401984912357486	5.278527848482964
35	real	386.227757		1.0	0.0	0.10207126433031696	0.1792889974537792	0.12026071523796665	0.350139560960445	1.4908359483727496	8.315267359097637	9.797076646017231
35	PyBDEI (mu)					0.10207126433031696	0.2147017643868486	0.1478537733772641	0.2767034281566706	1.4521223197937259	6.763439154497581	9.797076646017231
35	PyBDEI (lambda)					0.07764595386680137	0.1792889974537792	0.11129919414286124	0.4499150822755916	1.6108741741979524	8.984791019388886	12.878971153029575
35	PyBDEI (psi)					0.08079973161092592	0.18884207320052349	0.12026071523796665	0.40668727678146055	1.57027232730864	8.31526735909764	12.376278733390965
35	PyBDEI (p)					0.08671498673045529	0.200178135263292	0.1307625988817587	0.350139560960445	1.5308516118152553	7.6474466594553085	11.532031978605941
36	real	119.8239405		1.0	0.0	0.052300244692993006	0.4425895541035865	0.11258805211421714	0.344795403114044	3.9310525921044706	8.881937125846449	19.120369433643898
36	PyBDEI (lambda)					0.054454164683068206	0.4425895541035865	0.12287337584172807	0.37228966862574575	3.601997186710989	8.138459557651364	18.364068309929227
36	PyBDEI (p)					0.060205572492661875	0.4255984305603929	0.1276474686149182	0.344795403114044	3.3341705493927285	7.834076232383111	16.609758176818012
36	PyBDEI (psi)					0.05543207563356994	0.4095004321800688	0.11258805211421714	0.4087235570133049	3.6371570916303186	8.881937125846449	18.040096615007414
36	PyBDEI (mu)					0.052300244692993006	0.4116649222942567	0.10761173585426394	0.4349937735724687	3.8254649367589884	9.292666752948552	19.120369433643894
37	PyBDEI (p)					0.21196570503940007	0.277945288555417	0.1999106052178131	0.501978464893768	1.3903478920119372	5.002235868929753	4.717744315355733
37	real	157.64985800000005		1.0	0.0	0.2259720048368999	0.27136543217474685	0.1974622196477748	0.501978464893768	1.37426507540935	5.0642598963171785	4.42532693694412
37	PyBDEI (psi)					0.20932290096132908	0.27547138215310807	0.1974622196477748	0.5147144277076027	1.3950586732210488	5.0642598963171785	4.777308146444726
37	PyBDEI (lambda)					0.20759774007759152	0.27136543217474685	0.193731360218154	0.5283581707443886	1.4007305367038765	5.1617869139716746	4.817008121698438
37	PyBDEI (mu)					0.2259720048368999	0.28358808209007363	0.20684694575701096	0.4626469400629728	1.3710044451089585	4.8344924617583125	4.42532693694412
38	real	206.235143		1.0	0.0	0.050113610275174005	0.6417996914954106	0.20856113686408576	0.6273096415059279	3.0772736529224805	4.7947571394937105	19.954658914195097
38	PyBDEI (psi)					0.045536115182655566	0.6685426596826449	0.20856113686408576	0.7160062478753438	3.2054996905694755	4.79475713949371	21.960590972435302
38	PyBDEI (mu)					0.050113610275174005	0.6429922553381255	0.21254687586064372	0.6917762164081949	3.0251785764176704	4.704844500540434	19.9546589141951
38	PyBDEI (lambda)					0.04677425124821648	0.6417996914954106	0.20460946283708414	0.7261230844004739	3.136705813095407	4.887359490290184	21.37928397171575
38	PyBDEI (p)					0.048694412955782855	0.6932847713184522	0.22751766733207945	0.6273096415059279	3.047168949330647	4.395263065616893	20.53623689658306
39	PyBDEI (mu)					0.024827203645465	0.1837588234681916	0.1175079799147537	0.8919713050502454	1.5637986764941376	8.510060344203442	40.278398416515294
39	PyBDEI (psi)					0.02777309088573721	0.1728727530649652	0.11109818878748556	0.8931485563753836	1.5560357459620267	9.00104682996095	36.00607523714788
39	PyBDEI (lambda)					0.028225935873272493	0.17458672480446452	0.11767767821424124	0.8728141952815271	1.4836010316809276	8.497788324642361	35.42840898136217
39	PyBDEI (p)					0.027092317762313158	0.16978964081017808	0.11156536146014584	0.9395324424236692	1.521884916501001	8.963355533583128	36.91083239068799
39	real	278.17469850000003		1.0	0.0	0.024827203645465	0.17458672480446452	0.11109818878748556	0.9395324424236692	1.57146328585449	9.001046829960949	40.27839841651529
40	PyBDEI (mu)					0.10101353208345801	0.5048733713905701	0.13819568746315455	0.6175424523437111	3.6533221886911513	7.23611581777194	9.89966373192251
40	PyBDEI (lambda)					0.0921536260639725	0.4931174510008709	0.12437404063800375	0.7150509872665285	3.964794007425645	8.040263023298769	10.851444948089249
40	real	54.159220289000004		1.0	0.0	0.10101353208345801	0.4931174510008709	0.11868218730664197	0.629964716453568	4.154940705017441	8.42586425725603	9.899663731922509
40	PyBDEI (psi)					0.08796532620378669	0.5022811757577423	0.11868218730664197	0.7459689306708028	4.232153005909695	8.42586425725603	11.36811563323632
40	PyBDEI (p)					0.09273429259707924	0.5286178221464781	0.13819648603891246	0.629964716453568	3.825117680616231	7.236074003491135	10.783497366447758
41	PyBDEI (mu)					0.218092332313404	4.2494057344108604	1.1784484237915396	0.04814682900800287	3.6059327235882117	0.8485734121333883	4.585213929314009
41	real	29.131407280000005		1.0	0.0	0.218092332313404	3.2091423858191845	0.7891899301837478	0.063667672771548	4.06637523247667	1.2671220979304298	4.58521392931401
41	PyBDEI (psi)					0.14756289961475466	4.161681140601372	0.7891899301837478	0.0753598262135031	5.273358137796316	1.2671220979304298	6.776771143767977
41	PyBDEI (p)					0.16501279942457334	4.403452286388472	0.969169306180762	0.063667672771548	4.543532547209222	1.0318114633043154	6.0601359621021125
41	PyBDEI (lambda)					0.20884933148527346	3.2091423858191845	0.7908840467438484	0.0702858378801673	4.057664835991518	1.2644078536128067	4.788140775401585
42	PyBDEI (mu)					0.2466071196833712	2.8496128763944917	0.6712900728923373	0.27177944186881914	4.244979914743232	1.48966898272661	4.05503296613634
42	PyBDEI (psi)					0.27482796334648674	2.5923424431445765	0.6368477290269376	0.2743120840393378	4.0705844191444465	1.5702340676128903	3.638639925222091
42	PyBDEI (p)					0.26995535703772977	2.625148235750736	0.6498394952260743	0.279079521428259	4.0396871151044245	1.5388415252478729	3.7043161912887586
42	real	20.849495		1.0	0.0	0.2466071196833712	2.8955489207270437	0.6368477290269376	0.279079521428259	4.5466895597653405	1.5702340676128903	4.05503296613634
42	PyBDEI (lambda)					0.2981878153921326	2.8955489207270437	0.8108988537311904	0.21145000193837615	3.570789263548406	1.2331994248095162	3.353591087164133
43	PyBDEI (lambda)					0.02280220584943589	0.5101451072539642	0.11564067520806764	0.8424413478600667	4.411467732578355	8.647476315757755	43.855406209515436
43	PyBDEI (mu)					0.025101839417242998	0.5333715714290622	0.12761688908804975	0.7543186132338148	4.179474795542621	7.835953431759695	39.83771800058121
43	real	154.66356800000003		1.0	0.0	0.025101839417242998	0.5101451072539642	0.10614102454951582	0.776957855461345	4.80629529834599	9.42142780554648	39.8377180005812
43	PyBDEI (p)					0.019338002299587792	0.6316225862265706	0.12561573674469464	0.776957855461345	5.028212249475558	7.960786012284681	51.71164965790268
43	PyBDEI (psi)					0.017993552730805596	0.6154361296756117	0.10614102454951582	0.8736939300615603	5.798287064663718	9.42142780554648	55.57546166455304
44	PyBDEI (psi)					1.2373827117690517	1.9396283633578917	0.8503840099849905	0.6434973064338911	2.2808852713400936	1.17593932653749	0.8081574039209971
44	real	12.679616029999998		1.0	0.0	1.0171827845877903	2.0787965886559667	0.8503840099849905	0.8341353021594431	2.444538660472529	1.17593932653749	0.983107476013022
44	PyBDEI (mu)					1.0171827845877903	2.1988867949403983	0.9640637233933984	0.6348785455819661	2.280852127907643	1.0372758311868742	0.983107476013022
44	PyBDEI (lambda)					1.378546892040635	2.0787965886559667	1.033237569128728	0.5030755182240556	2.0119250894147234	0.9678316293156516	0.7254015121094071
44	PyBDEI (p)					1.1052784217239606	1.7965088989262492	0.7384269022120564	0.8341353021594431	2.4328865775942976	1.3542301844696698	0.9047494100538466
45	PyBDEI (lambda)					0.3748570063089187	0.5117192546458804	0.11645601582261528	0.07886011838270145	4.394098931096239	8.58693295435412	2.667683898579456
45	PyBDEI (p)					0.3171471398305213	0.5374918980380994	0.11087414199199844	0.09000617059791301	4.847766019933567	9.019235522671897	3.1531105736422056
45	real	45.766265999999995		1.0	0.0	0.3605861590513078	0.5117192546458804	0.1071640303132273	0.09000617059791301	4.77510273876587	9.33148927935169	2.77326229778473
45	PyBDEI (mu)					0.3605861590513078	0.6092016694862651	0.17029363482094226	0.052477253111262716	3.57736018804707	5.872210086134252	2.77326229778473
45	PyBDEI (psi)					0.32500534310908225	0.5278980683123361	0.1071640303132273	0.09103037813305076	4.92607516504703	9.33148927935169	3.076872492106592
46	PyBDEI (p)					0.5867517103929544	0.5464994482487923	0.239144780085982	0.539501293138565	2.285224239694064	4.181567331891838	1.7042983979207975
46	PyBDEI (mu)					0.5087228651887723	0.5687759397082344	0.2416122174837271	0.5736185561580078	2.3540860045562146	4.1388635492629895	1.9657068090087304
46	PyBDEI (psi)					0.614577803472921	0.5706710540653568	0.2607110029969161	0.4728512747505899	2.1889028368783774	3.83566473414944	1.6271332845883704
46	real	47.68137279999999		1.0	0.0	0.5087228651887723	0.5836956750750815	0.2607110029969161	0.539501293138565	2.2388609163610402	3.8356647341494403	1.9657068090087302
46	PyBDEI (lambda)					0.6285511222825946	0.5836956750750815	0.27442615936603604	0.4417152844883517	2.1269680573583165	3.6439674785747256	1.5909604876187036
47	PyBDEI (p)					0.2129515730369439	0.3592472367911487	0.15898413406447848	0.434385290645901	2.2596420636882573	6.289935822114392	4.695903325525165
47	PyBDEI (mu)					0.2166376585402171	0.341929773311496	0.14854951691078067	0.4671785272953303	2.301789870625161	6.731762046729531	4.61600262271279
47	PyBDEI (psi)					0.21773969122174344	0.3757757228697181	0.1738321219851434	0.3949861900765095	2.1617162500141016	5.752676712336661	4.592639928847938
47	real	90.17049899999999		1.0	0.0	0.2166376585402171	0.3863902700850797	0.1738321219851434	0.434385290645901	2.2227783085919106	5.752676712336661	4.61600262271279
47	PyBDEI (lambda)					0.20974903291538688	0.3863902700850797	0.17414298806799208	0.3971118172116799	2.218810383190497	5.742407495669947	4.767602434683939
48	PyBDEI (mu)					0.05767667825069811	0.8957250770700991	0.2552887064613049	0.5755471521916485	3.508674901785628	3.917133718375332	17.3380303847144
48	PyBDEI (psi)					0.05636839825309178	0.8326021626117823	0.21749798717658891	0.6468845393469641	3.828091346591561	4.59774369860301	17.740436680674183
48	real	77.88220340000002		1.0	0.0	0.05767667825069811	0.8820970383435556	0.21749798717658891	0.566260800361252	4.05565609960046	4.5977436986030105	17.3380303847144
48	PyBDEI (lambda)					0.05999251839459621	0.8820970383435556	0.2581827881705693	0.5646579566935801	3.416560199825541	3.873224884918924	16.66874514956309
48	PyBDEI (p)					0.05984699049657695	0.8822794938331372	0.2576648984487225	0.566260800361252	3.4241353756174058	3.881009815541516	16.70927797208444
49	PyBDEI (psi)					0.0438745554622112	0.17479267566055892	0.12106757480438787	0.2657616839658937	1.4437612708685716	8.25984993600249	22.792253721209594
49	PyBDEI (p)					0.044344504089738376	0.18082518421810587	0.12648384978463142	0.257488166109756	1.4296306170788078	7.906147715322832	22.55070883138835
49	PyBDEI (lambda)					0.04348895856665341	0.16741114593183973	0.1162618461892512	0.2778711931147976	1.4399491442732433	8.601274044557993	22.99434231029811
49	real	356.0498300000001		1.0	0.0	0.04536850292246408	0.16741114593183973	0.12106757480438787	0.257488166109756	1.3827909430112102	8.25984993600249	22.041723565554395
49	PyBDEI (mu)					0.04536850292246408	0.18627325787249044	0.13128307679505244	0.24354961674905864	1.4188672479338964	7.617127998615631	22.0417235655544
50	PyBDEI (lambda)					0.1181871494037789	0.648042814975751	0.5483731889484108	0.3049072270271931	1.1817551040715026	1.8235756600676492	8.461156775882321
50	PyBDEI (mu)					0.138268211809818	0.712644618280613	0.6175303220459589	0.24161698909502136	1.1540236857026356	1.6193536807826194	7.2323203353165315
50	PyBDEI (psi)					0.1178644390521223	0.6404310118742178	0.5436417787985565	0.30782673479626976	1.178038621846843	1.8394465602146897	8.484323244925282
50	real	241.3994286		1.0	0.0	0.138268211809818	0.648042814975751	0.5436417787985565	0.28866648045017795	1.19204012687899	1.8394465602146899	7.232320335316531
50	PyBDEI (p)					0.12135436207888177	0.6561082709420313	0.5581999254793806	0.28866648045017795	1.1754001406907522	1.7914728296339393	8.240330078534697
51	real	31.365492100000004		1.0	0.0	0.23083118039168324	1.4158988741153629	0.4788558566758258	0.41069160617170297	2.9568373329385698	2.08831109833742	4.3321703692853
51	PyBDEI (lambda)					0.18012340596164825	1.4158988741153629	0.4171821560888407	0.6259579661376994	3.3939583787323864	2.39703444983166	5.551749339077673
51	PyBDEI (mu)					0.23083118039168324	1.4387397552622732	0.5107289784314801	0.4705373101875388	2.81703176444157	1.957985628838096	4.3321703692853
51	PyBDEI (p)					0.2167226477426522	1.6323755789447087	0.5749374241359672	0.41069160617170297	2.839223036138047	1.7393197207554012	4.614192427122117
51	PyBDEI (psi)					0.18989268588899774	1.5028946023582834	0.4788558566758258	0.5432947197100215	3.1385114777362073	2.08831109833742	5.266132264749536
52	PyBDEI (mu)					0.157950507269514	0.8132588996652842	0.20743366183685247	0.07218705856149499	3.920573413513357	4.820818333653602	6.33109710938554
52	PyBDEI (psi)					0.13290972573051565	0.9121706811834542	0.21559957509482972	0.07542536768612391	4.230855653506011	4.6382280649679295	7.523903871621663
52	real	58.139381590000006		1.0	0.0	0.157950507269514	0.9219938597309054	0.21559957509482972	0.06056769338979099	4.276417795931991	4.63822806496793	6.33109710938554
52	PyBDEI (lambda)					0.10757427166145914	0.9219938597309054	0.1706975801072194	0.10129431099853714	5.40132941048009	5.858313863452986	9.295903049634797
52	PyBDEI (p)					0.14897605152084625	0.9280472121511212	0.24269696291174905	0.06056769338979099	3.8238929775507056	4.120364705031872	6.712488281111879
53	real	54.992493		1.0	0.0	0.13756376622846495	0.5610734557865708	0.12890198043790418	0.117591641176865	4.35271400703464	7.757832708254851	7.26935607694258
53	PyBDEI (psi)					0.09921944635374094	0.6878698309099124	0.12890198043790418	0.12469181449649885	5.336379073254653	7.757832708254851	10.078669421665204
53	PyBDEI (p)					0.1047456572255226	0.6705432380676513	0.12477310332026505	0.117591641176865	5.374100829619622	8.014547794272781	9.546935180777474
53	PyBDEI (lambda)					0.07195299797076142	0.5610734557865708	0.03797282083214686	0.4811079304130458	14.775659102775414	26.33462508409237	13.89796156105068
53	PyBDEI (mu)					0.13756376622846495	0.542506536395242	0.11171517099211553	0.1235836385590512	4.856158134811702	8.951335714918939	7.26935607694258
54	PyBDEI (mu)					0.08871509305463961	0.2658678240206005	0.12548336421337547	0.612572919739018	2.11874957040928	7.969183853722408	11.2720391262409
54	real	145.77688		1.0	0.0	0.08871509305463961	0.28402354783504197	0.1438108095894452	0.571322235379891	1.9749805222978698	6.95358021316218	11.2720391262409
54	PyBDEI (psi)					0.09515522037049236	0.28588458013482426	0.1438108095894452	0.5190994332046914	1.9879213596736915	6.95358021316218	10.509144911928553
54	PyBDEI (p)					0.0923170106751822	0.2717853087326938	0.13159585616850494	0.571322235379891	2.065302940729988	7.599023473197566	10.832239829759052
54	PyBDEI (lambda)					0.0926002730331508	0.28402354783504197	0.13836472930114865	0.5417600489215256	2.0527163914502324	7.2272753688804325	10.799104227716489
55	real	15.231150699999995		1.0	0.0	0.2599024943443348	2.242600085634396	0.5056134603067169	0.8474586090916709	4.43540423997807	1.97779544752107	3.84759677864091
55	PyBDEI (p)					0.2797044218628142	2.2469180980203833	0.44521127624945256	0.8474586090916709	5.046858015252586	2.2461246004912474	3.5752026848201464
55	PyBDEI (psi)					0.2959618344482176	2.3514872421246023	0.5056134603067169	0.7155584360112247	4.650760762377915	1.97779544752107	3.3788140348040825
55	PyBDEI (lambda)					0.3111859189179889	2.242600085634396	0.5040437624701574	0.7190324940576491	4.449217017673485	1.9839547167478468	3.2135130133042558
55	PyBDEI (mu)					0.2599024943443348	2.539050778153708	0.5083077122722713	0.7363986176032161	4.995105753567013	1.9673122713990168	3.84759677864091
56	PyBDEI (mu)					0.052012893997770114	0.16267675352572866	0.10408366780079817	0.06389081753127533	1.5629421691505874	9.607655275118306	19.2260019225785
56	PyBDEI (lambda)					0.05496298259810599	0.18246157832301516	0.12059952970196765	0.05389883320770302	1.5129543106339174	8.291906299064816	18.194063581157614
56	PyBDEI (psi)					0.05440759184457547	0.179419240636969	0.11805447065931254	0.05540803666383033	1.519800475449557	8.4706660782534	18.37978793210826
56	real	353.38659		1.0	0.0	0.052012893997770114	0.18246157832301516	0.11805447065931254	0.06207959311582401	1.5455711020853402	8.4706660782534	19.2260019225785
56	PyBDEI (p)					0.051870392409176326	0.16738692432518076	0.10740959341304623	0.06207959311582401	1.5583982678482942	9.31015534296341	19.27882079841546
57	PyBDEI (p)					0.10536321430983248	0.8771124541860917	0.1750386300586441	0.219527252953044	5.0109650303606035	5.713024602997434	9.490978483813018
57	PyBDEI (mu)					0.122791979375173	1.000443012587614	0.2544636224883463	0.13919496633329428	3.931575770259387	3.929834803973983	8.14385438762776
57	PyBDEI (lambda)					0.13323033401287904	0.7804033370149672	0.18509201627271105	0.18911195172795453	4.2162992911868	5.402718173033563	7.505798190848433
57	real	54.5725083		1.0	0.0	0.122791979375173	0.7804033370149672	0.1925540167169268	0.219527252953044	4.05290603811312	5.193347908551281	8.14385438762776
57	PyBDEI (psi)					0.11375903835128892	0.8934736144596171	0.1925540167169268	0.18655917014261736	4.6401193269996055	5.1933479085512815	8.790510314547413
58	real	43.3643037		1.0	0.0	0.9136373886066594	0.3512756373109239	0.19289660605165185	0.331334667592652	1.8210565986674903	5.1841243890638	1.09452613528114
58	PyBDEI (p)					1.0133720300345277	0.35019367873901197	0.20606748486268506	0.331334667592652	1.699412592784188	4.8527791789488735	0.9868044216356832
58	PyBDEI (mu)					0.9136373886066594	0.2265750158350941	0.09381655408163213	1.0	2.415085674943311	10.659099663049606	1.09452613528114
58	PyBDEI (lambda)					0.8918204699416273	0.3512756373109239	0.2015082552203496	0.3621852002642054	1.7432319927876077	4.962575845374168	1.1213019141234262
58	PyBDEI (psi)					0.9199428548024547	0.3365864838182696	0.19289660605165185	0.3841332177388086	1.744906199791519	5.1841243890638	1.0870240415256407
59	PyBDEI (p)					0.1420989834781262	1.9318665806643556	0.5818059203963145	0.63595888224514	3.3204656620689015	1.718786222248856	7.037348019832482
59	real	34.9643709		1.0	0.0	0.1903061449480532	1.698200128591848	0.5084974514619977	0.63595888224514	3.33964334277251	1.9665781944921599	5.254691067768539
59	PyBDEI (mu)					0.1903061449480532	1.7373737281070996	0.6267404051400775	0.5483204899141095	2.7720787009396557	1.595556935213868	5.2546910677685394
59	PyBDEI (lambda)					0.156817148527398	1.698200128591848	0.5521423992058633	0.6601866030501118	3.0756560826235035	1.8111269872378617	6.37685361193318
59	PyBDEI (psi)					0.13827688166556482	1.8493710696236811	0.5084974514619977	0.6897705212860851	3.6369328190465735	1.96657819449216	7.231866874309407
60	PyBDEI (mu)					0.12300247803566698	0.26629386515475345	0.15921095771809585	0.9865417546234242	1.6725850341674482	6.280974716392528	8.129917510361299
60	real	115.42479400000002		1.0	0.0	0.12300247803566698	0.2773905052899667	0.16309292888037394	0.880710646337615	1.7008125808656502	6.131473674946902	8.129917510361299
60	PyBDEI (p)					0.12695377687857282	0.2833424293986099	0.17324211472873474	0.880710646337615	1.6355285771145889	5.772268490059799	7.876882630726832
60	PyBDEI (lambda)					0.12200460520692352	0.2773905052899667	0.16492677591726054	0.9524145103458748	1.6819009754312193	6.063296844544356	8.196411916615522
60	PyBDEI (psi)					0.1220620833486475	0.2704442625810693	0.16309292888037394	0.9709687607859182	1.658221876556254	6.131473674946902	8.192552286230336
61	PyBDEI (p)					0.1139577815287378	0.6604637760750756	0.22449582304017093	0.7442083574994129	2.9419869248832	4.4544258617277785	8.77517960234967
61	PyBDEI (mu)					0.07004997879593602	0.7640474785697107	0.18964988099758112	1.0	4.0287263801629045	5.272874386948624	14.2755218086949
61	PyBDEI (lambda)					0.06396545061600846	0.8778072703073914	0.18926404647776326	1.0	4.638003290342444	5.283623691927617	15.633439464111786
61	real	58.355254		1.0	0.0	0.07004997879593602	0.8778072703073914	0.21023903194279575	0.7442083574994129	4.17528211672053	4.7564906989872915	14.275521808694899
61	PyBDEI (psi)					0.10137076139267234	0.6322303506391934	0.21023903194279575	0.917653636182894	3.007197782432797	4.756490698987291	9.86477743938782
62	PyBDEI (mu)					0.1688781216486009	1.0990284608497285	0.2914592363138418	0.1489974261105501	3.7707793197752713	3.4310115289096728	5.9214301428623495
62	PyBDEI (lambda)					0.16329379780742367	1.2178507935885243	0.33023472668427506	0.1319777095746038	3.6878338199509386	3.0281491290770948	6.12393130313084
62	PyBDEI (psi)					0.19210745063567256	1.233451647872617	0.3910850578661515	0.10574021665389746	3.1539216931544467	2.55698851154331	5.205420178608676
62	real	51.616508		1.0	0.0	0.1688781216486009	1.2178507935885243	0.3910850578661515	0.137429473566679	3.11403048797976	2.55698851154331	5.9214301428623495
62	PyBDEI (p)					0.1709167687178317	1.1389291855564716	0.31111679947185045	0.137429473566679	3.660776877011815	3.2142269453066903	5.850800992212242
63	real	262.203442		1.0	0.0	0.021548245121064	0.4978410543960198	0.10492488597725393	0.07098842626741701	4.744737625961719	9.530627464458568	46.4074913934626
63	PyBDEI (psi)					0.02961840356357933	0.3958184260738642	0.10492488597725393	0.0704261377956187	3.7723979624783337	9.53062746445857	33.76279203750413
63	PyBDEI (mu)					0.021548245121064	0.3762909550498307	0.07091935929313113	0.11221182166412152	5.3058989646889865	14.100522198271673	46.4074913934626
63	PyBDEI (lambda)					0.018637343673175384	0.4978410543960198	0.09056384864390248	0.08969969246955645	5.497127847928962	11.041933563711558	53.65571497397958
63	PyBDEI (p)					0.029581569806774486	0.3856025632863928	0.09961359652180707	0.07098842626741701	3.870983246769712	10.038790234635123	33.80483208064873
64	real	545.095642		1.0	0.0	0.037711049563551036	0.19818840296493945	0.18508160601107848	0.524067573402039	1.0708163130650403	5.4030220590377995	26.517426896718693
64	PyBDEI (mu)					0.037711049563551036	0.1754731121900598	0.14899747789208834	0.5792952134590226	1.177691828563343	6.7115230012433615	26.517426896718693
64	PyBDEI (lambda)					0.03911110092716007	0.19818840296493945	0.16679404614300514	0.5186670997196836	1.1882222869934906	5.995417840889982	25.56818847575743
64	PyBDEI (p)					0.03929753396499155	0.1856255868364041	0.1585773158625146	0.524067573402039	1.1705683491158354	6.306072180380408	25.446889387279526
64	PyBDEI (psi)					0.04079546749712515	0.21037488128458434	0.18508160601107848	0.4729973982337328	1.1366601242480674	5.4030220590378	24.512527036746665
65	PyBDEI (p)					0.6565816262974686	1.6929091750589054	0.4211842235852309	0.7316640407464409	4.019403102633849	2.374257970746713	1.5230398779799899
65	real	11.12784107		1.0	0.0	0.5433503868218993	1.8734368773331291	0.4508041590666495	0.7316640407464409	4.15576662205583	2.2182581502140803	1.8404330322631801
65	PyBDEI (lambda)					0.5823031143843889	1.8734368773331291	0.43907529532391376	0.7222729587515012	4.2667781523691986	2.2775136990166622	1.7173186529445243
65	PyBDEI (mu)					0.5433503868218993	1.6709539123047636	0.3383235491882948	1.0	4.938922863376531	2.955750500960391	1.84043303226318
65	PyBDEI (psi)					0.6528681272838199	1.727752121327364	0.4508041590666495	0.6998066958617976	3.832600224684092	2.2182581502140803	1.5317028940597557
66	PyBDEI (mu)					0.051294469765019016	0.427204469507952	0.12799934830112106	0.8862269716471654	3.3375519108343026	7.8125397767454245	19.4952790150872
66	PyBDEI (psi)					0.059735078112508576	0.4570676785126922	0.16262423028674672	0.6958920849317289	2.8105755071477905	6.149145168814959	16.74058244498385
66	PyBDEI (lambda)					0.05315469220407325	0.4881489139098705	0.1523557773595709	0.7335956120503195	3.2040065849147488	6.563584376849235	18.813014590711333
66	PyBDEI (p)					0.06140638639598828	0.4560760736784072	0.15973861030746192	0.669291842439362	2.8551398613056693	6.260227242964105	16.284951105107382
66	real	126.8747753		1.0	0.0	0.051294469765019016	0.4881489139098705	0.16262423028674672	0.669291842439362	3.0016985356311494	6.149145168814959	19.4952790150872
67	PyBDEI (psi)					0.09160013606725737	0.4612029763508186	0.3533654138431573	0.5535276922248775	1.3051729407664254	2.82993173871808	10.917014351002171
67	PyBDEI (lambda)					0.09073268721587824	0.454177439001677	0.3439812485989505	0.5653656947662036	1.3203552253256827	2.9071352117972724	11.021386345812976
67	PyBDEI (p)					0.09375599965518107	0.4666007306764499	0.35667861981043714	0.526703751306	1.3081825059333039	2.803644357857689	10.66598408291558
67	PyBDEI (mu)					0.08646411798231522	0.44327148907483455	0.3325378799901996	0.5951340873778672	1.3329954743438506	3.0071762050972106	11.5654912504229
67	real	246.8213651		1.0	0.0	0.08646411798231522	0.454177439001677	0.3533654138431573	0.526703751306	1.2852911496405406	2.8299317387180802	11.5654912504229
68	PyBDEI (lambda)					0.09257636991123064	0.9954866608963896	0.3330793930615997	0.14116058804574602	2.9887368646438133	3.002287204885893	10.80189254513735
68	PyBDEI (p)					0.09374293948035677	0.8172663456451665	0.2632007642796785	0.177217400892237	3.1051062784025016	3.7993810646286534	10.667470057406764
68	real	53.742002		1.0	0.0	0.07226518535204791	0.9954866608963896	0.25075341189139755	0.177217400892237	3.9699825154424597	3.98798162887253	13.837922024670503
68	PyBDEI (mu)					0.07226518535204791	0.8532949302888195	0.2256066259336232	0.2239957586064906	3.7822245989347474	4.432493929917709	13.837922024670506
68	PyBDEI (psi)					0.09168428919303198	0.8013510014123221	0.25075341189139755	0.1856640015615078	3.1957730719109447	3.98798162887253	10.90699408591805
69	real	53.4087149		1.0	0.0	0.07909186716948975	1.163763128745235	0.3132835616540036	0.35063685813030804	3.7147277137717087	3.191996396875809	12.6435250018444
69	PyBDEI (mu)					0.07909186716948975	1.2130556320057402	0.3146317826715707	0.3332703395639677	3.855477096768675	3.178318450567509	12.6435250018444
69	PyBDEI (lambda)					0.1058013154718097	1.163763128745235	0.3759084315110541	0.25890582075920715	3.095868650956324	2.660222320580201	9.451678323096518
69	PyBDEI (psi)					0.0984528621972529	1.0669264392574702	0.3132835616540036	0.3109299553697611	3.4056253498413827	3.19199639687581	10.157145030445877
69	PyBDEI (p)					0.0919434147448287	1.0572913096556196	0.2999711011511891	0.35063685813030804	3.5246438926886223	3.3336544625876736	10.876254735320721
70	PyBDEI (mu)					0.2723032250249573	1.451973620339167	0.3693747578833004	0.5586696606065388	3.9308956265980175	2.70727757827983	3.6723766305314496
70	PyBDEI (lambda)					0.3389439192368409	1.3947535496365455	0.4167416049010155	0.45635105890311406	3.3468065900639496	2.399568433388166	2.950340582157601
70	PyBDEI (p)					0.3091959685537857	1.3059901729251218	0.34421859505901786	0.584157405024765	3.7940721148466823	2.9051306767100877	3.2341948204478173
70	real	21.574114		1.0	0.0	0.2723032250249573	1.3947535496365455	0.3867177336222568	0.584157405024765	3.6066449205014504	2.5858653820535498	3.6723766305314505
70	PyBDEI (psi)					0.3277528010121917	1.3658914789819785	0.3867177336222568	0.4958864335745751	3.532011491141422	2.5858653820535498	3.0510799508401525
71	real	61.167586		1.0	0.0	0.13067735491126306	0.4572430631637733	0.12148112555177235	0.4615968161577801	3.7639020966175294	8.23173143529876	7.652435272194281
71	PyBDEI (lambda)					0.1770905173549794	0.4572430631637733	0.1520632597499525	0.3001682456313575	3.0069266166965503	6.576210464278913	5.646829739592954
71	PyBDEI (psi)					0.1669603586928134	0.4118264842688365	0.12148112555177235	0.3956090351750898	3.3900450164443514	8.23173143529876	5.989445685367013
71	PyBDEI (mu)					0.13067735491126306	0.3970802327897927	0.09134221764533627	0.6016903564144754	4.347170925185728	10.947840174877314	7.652435272194282
71	PyBDEI (p)					0.15916752102641654	0.39515668062703785	0.10792186515504604	0.4615968161577801	3.6615071474101715	9.265962912736443	6.2826887894675005
72	PyBDEI (p)					0.0664535702967435	0.22673392651812976	0.20543288983766367	0.319331660323189	1.1036885412910198	4.867769716865765	15.04810043364975
72	PyBDEI (lambda)					0.07059908391576804	0.2393875782371885	0.2188155655086567	0.27939977644891584	1.0940153077351251	4.570058796664712	14.164489743140333
72	PyBDEI (psi)					0.07029338494968354	0.23874278670365645	0.21662403971064767	0.28178917795519504	1.102106613017436	4.616292823897731	14.226089705536394
72	real	605.9493419999999		1.0	0.0	0.06804497628753181	0.2393875782371885	0.21662403971064767	0.319331660323189	1.10508315954659	4.616292823897731	14.6961620763065
72	PyBDEI (mu)					0.06804497628753181	0.2468335978826598	0.22435259112118186	0.28524559989516857	1.1002039096100078	4.457269670934443	14.6961620763065
73	real	123.28622299999999		1.0	0.0	0.0455061483669881	0.31819582649715866	0.13775130063337335	0.7415413138540641	2.30992974319742	7.259459586966162	21.9750525123642
73	PyBDEI (p)					0.05226989906430652	0.3102988410440991	0.12831455751657014	0.7415413138540641	2.418266851787476	7.7933479984986365	19.131469888046308
73	PyBDEI (psi)					0.05310814530350625	0.32076799247056065	0.13775130063337335	0.703803474500443	2.328602278132301	7.259459586966162	18.82950335179525
73	PyBDEI (lambda)					0.05112611640041096	0.31819582649715866	0.1294758368949782	0.7412791426756846	2.4575691814624605	7.72344882243264	19.559475086434727
73	PyBDEI (mu)					0.0455061483669881	0.31884832495067283	0.1224483788459206	0.8055443688550106	2.603940762269188	8.166706733278366	21.9750525123642
74	PyBDEI (mu)					0.15730131081714605	0.9881008446963732	0.3074835921498098	0.3816777690121752	3.2135075494205827	3.2522060543405766	6.35722610832178
74	PyBDEI (psi)					0.16209211128293874	1.0040932675179637	0.3226588412987172	0.35946032145896584	3.1119347713406533	3.0992487172362995	6.169331697175918
74	PyBDEI (lambda)					0.16670260183471186	1.1300656775237978	0.3834340870469072	0.29473892511081	2.9472227840441114	2.608010173799873	5.9987066128188875
74	PyBDEI (p)					0.1696776262457644	1.0260320791582938	0.3425595107350264	0.32800346569803995	2.9951936729380173	2.919200806465161	5.893528935580348
74	real	50.246390999999996		1.0	0.0	0.15730131081714605	1.1300656775237978	0.3226588412987172	0.32800346569803995	3.5023546014584	3.0992487172362995	6.35722610832178
75	PyBDEI (mu)					0.05779730721915105	0.4948519254611644	0.13884409423733632	0.5797491541352278	3.564083356799303	7.202322903922923	17.3018441189359
75	PyBDEI (p)					0.05651022182138051	0.4899670139409422	0.1344017720520785	0.605017677164895	3.6455398352269337	7.440378089751049	17.6959135492484
75	PyBDEI (psi)					0.056070766812810174	0.4805518179483578	0.1276256694048513	0.627254864597907	3.7653226046866966	7.835414338379079	17.834605389622308
75	PyBDEI (lambda)					0.05666070138632581	0.5084298586916725	0.14112721025814498	0.571825488596849	3.602635223651556	7.085805764677378	17.64891671886954
75	real	88.759151		1.0	0.0	0.05779730721915105	0.5084298586916725	0.1276256694048513	0.605017677164895	3.9837586048527798	7.8354143383790795	17.3018441189359
76	PyBDEI (p)					0.15595287321272158	1.3526366570126238	0.4340939589764835	0.691824159284543	3.1159997255015965	2.3036487362271116	6.412193500506964
76	PyBDEI (lambda)					0.16206503781090334	1.3058667507996935	0.4304885242861668	0.6901069953608804	3.033453105318134	2.32294229366089	6.170362303353762
76	real	29.93236441		1.0	0.0	0.17265877407994604	1.3058667507996935	0.4428951181050823	0.691824159284543	2.94847853908803	2.2578709024350494	5.7917705331150495
76	PyBDEI (mu)					0.17265877407994604	1.340479365002308	0.4600855976175844	0.6319090641253734	2.9135434187542044	2.1735085931361486	5.7917705331150495
76	PyBDEI (psi)					0.15803645970114807	1.3653170495676714	0.4428951181050823	0.6718347245389052	3.0827096388173176	2.25787090243505	6.327653769839134
77	PyBDEI (p)					0.29277448111307924	3.7368159469467503	0.760028603237213	0.362849399126009	4.916678044787283	1.3157399547078483	3.4155982317795197
77	real	11.97260036		1.0	0.0	0.30345948987953064	3.2322798643299904	0.8874256126725684	0.362849399126009	3.6423107674294704	1.1268550126566699	3.2953327654936304
77	PyBDEI (psi)					0.3091568817442664	3.896663706149034	0.8874256126725684	0.3196355214775152	4.390975029911356	1.12685501265667	3.2346037207969927
77	PyBDEI (lambda)					0.29678334550457297	3.2322798643299904	0.6260688799590886	0.4590700823794726	5.162818290123618	1.5972683390130278	3.3694613095618986
77	PyBDEI (mu)					0.30345948987953064	3.4626585519130364	0.7028799173430832	0.3994135259492062	4.926387091840719	1.4227181276995986	3.2953327654936304
78	PyBDEI (p)					0.028109157242524982	0.4119695288802073	0.09513191347808732	0.90701115427255	4.330508173527911	10.511719605328237	35.575595218740624
78	PyBDEI (mu)					0.024982913692043	0.4230063137267237	0.08887381421315713	1.0	4.759628215260065	11.251908212261212	40.0273567897926
78	real	164.848752		1.0	0.0	0.024982913692043	0.4912263757093616	0.10267710145103404	0.90701115427255	4.784186237898661	9.739269865120733	40.0273567897926
78	PyBDEI (psi)					0.0261966341285898	0.4117909856136139	0.10267710145103404	0.9832144596848262	4.0105435369150335	9.73926986512073	38.172842934377066
78	PyBDEI (lambda)					0.021367619266733532	0.4912263757093616	0.08934974928650845	1.0	5.497792435143803	11.191973206252714	46.79978557821195
79	real	536.1296120000002		1.0	0.0	0.13422950669592504	0.2239345528162022	0.20157870289601468	0.176087602239528	1.1109038286238	4.96084152558445	7.44992680532855
79	PyBDEI (p)					0.1462085963911538	0.17832087159601415	0.16573514068795214	0.176087602239528	1.0759388193464567	6.033723420688497	6.839543123201093
79	PyBDEI (mu)					0.13422950669592504	0.16720020229554716	0.15450022663504392	0.20493894696008835	1.0822003691328088	6.472482414942808	7.44992680532855
79	PyBDEI (psi)					0.1680885614392896	0.21438380266877105	0.20157870289601468	0.12717727555028688	1.0635240706919418	4.96084152558445	5.949244799511126
79	PyBDEI (lambda)					0.1735376160931218	0.2239345528162022	0.21071293514682465	0.1179879924639672	1.062747062301442	4.745793129895897	5.762439420992111
80	PyBDEI (lambda)					0.037701121693174536	0.8961836333111867	0.1678578981974561	0.9680932968568816	5.338942301404131	5.957420000717934	26.52440975465835
80	real	83.3193897		1.0	0.0	0.04653167385329602	0.8961836333111867	0.20769044028067613	0.7823454687341759	4.314997031640311	4.81485810636534	21.4907377532297
80	PyBDEI (mu)					0.04653167385329602	0.7615194586506123	0.1673571588295849	0.9612636289105676	4.550265217074139	5.975244841592177	21.4907377532297
80	PyBDEI (psi)					0.04545303413718743	0.8522949857487707	0.20769044028067613	0.8299215488000599	4.1036794211470005	4.81485810636534	22.000731501922974
80	PyBDEI (p)					0.047663887791783696	0.8468536468608684	0.1984537389704549	0.7823454687341759	4.267259721354733	5.038957719757937	20.98024408685311
81	PyBDEI (mu)					0.033155856723351015	0.3668999156429349	0.12109283326012107	0.5618254857643602	3.0299061122369846	8.258127034255505	30.1605839458137
81	real	192.97528		1.0	0.0	0.033155856723351015	0.41106455860752616	0.11788032158965625	0.504524531724421	3.4871346893542596	8.48318011449799	30.160583945813705
81	PyBDEI (psi)					0.034013590338382416	0.35689087540243364	0.11788032158965625	0.5676366343878675	3.027569577259705	8.48318011449799	29.40001305512157
81	PyBDEI (lambda)					0.032857292685258034	0.41106455860752616	0.13494201184787688	0.5024422616153877	3.046231140165069	7.410590566319125	30.43464382714241
81	PyBDEI (p)					0.035949128589053074	0.3728424687905448	0.1301772085767854	0.504524531724421	2.864114792956423	7.6818362517748024	27.817085955861288
82	PyBDEI (lambda)					0.0412825970080463	0.7315427809163592	0.11223773110261773	1.0	6.517797301582277	8.9096597924428	24.22328226601375
82	PyBDEI (psi)					0.034858755822098304	0.9243458419071792	0.1598195275157893	0.8302232414852283	5.783685237186419	6.25705766713148	28.687197130715195
82	PyBDEI (p)					0.035683810318281675	0.8764797103678235	0.12117159044961832	0.903842773768335	7.233376298153429	8.252759547757096	28.023913115794024
82	real	55.06981915		1.0	0.0	0.03847822854266194	0.7315427809163592	0.1598195275157893	0.903842773768335	4.57730536616739	6.25705766713148	25.9887223989865
82	PyBDEI (mu)					0.03847822854266194	0.78845366614738	0.11207916939482336	1.0	7.034792195594168	8.922264551027153	25.9887223989865
83	real	69.220122		1.0	0.0	0.06430333404620288	0.8110338513184452	0.20742622269937624	0.6175750552243111	3.9099870824619902	4.8209912275619295	15.5512931768279
83	PyBDEI (mu)					0.06430333404620288	0.6671912013639479	0.2094684932326292	0.5944084177479655	3.1851625562751633	4.7739876511616055	15.551293176827901
83	PyBDEI (p)					0.05690111044272655	0.7070452401934969	0.2053611960319876	0.6175750552243111	3.4429349548751444	4.869469107709314	17.574349467336734
83	PyBDEI (lambda)					0.04935952693618997	0.8110338513184452	0.2126733943143757	0.6106215277176271	3.8135181597730448	4.7020456095311625	20.259513453051532
83	PyBDEI (psi)					0.05659745622586075	0.7085726058578945	0.20742622269937624	0.6222655824802351	3.4160223169316057	4.8209912275619295	17.668638604698913
84	PyBDEI (lambda)					0.05598245702057859	0.4359138086073676	0.12127381723144548	0.9269567007251768	3.5944593693743987	8.245802950949802	17.86273867244537
84	PyBDEI (mu)					0.060459993987390076	0.5086459114935897	0.15074820436667327	0.7229475370886521	3.3741424226611807	6.63357818556594	16.539862710018898
84	PyBDEI (psi)					0.048542639602748204	0.5236587727105568	0.1269856997489026	0.8719842632377042	4.123761760151123	7.874902465217481	20.600445467810648
84	PyBDEI (p)					0.04783414467750203	0.5229715151034321	0.12896748686918347	0.887936182248978	4.055064790352174	7.753892273750648	20.90556874680217
84	real	204.272611		1.0	0.0	0.060459993987390076	0.4359138086073676	0.1269856997489026	0.887936182248978	3.432778726024501	7.874902465217482	16.539862710018898
85	PyBDEI (lambda)					0.22202272363462552	0.5660064406372673	0.1142202003406874	0.8592101325631758	4.955397022146924	8.755018788421623	4.504043476404076
85	PyBDEI (mu)					0.20972594639148107	0.661027790932917	0.13674823635736896	0.6962637627267795	4.833903592039243	7.3127085704174295	4.76812724989863
85	PyBDEI (psi)					0.19689832445745575	0.6951956575347733	0.14606259734590474	0.6723912695735169	4.759573430619026	6.846379690426871	5.078763380823345
85	real	34.70963810000001		1.0	0.0	0.20972594639148107	0.5660064406372673	0.14606259734590474	0.8128307659723	3.8750949998297894	6.846379690426871	4.76812724989863
85	PyBDEI (p)					0.18783323195387872	0.6665319047780022	0.12361289098443405	0.8128307659723	5.3920905778502926	8.089771156035216	5.323871551363945
86	PyBDEI (psi)					0.08387951318840893	0.3546368177177859	0.2491962288251991	0.1406024794951072	1.4231227309886338	4.01290181923844	11.921862228191705
86	PyBDEI (p)					0.08083927339306061	0.3493242639068528	0.2435480105405551	0.15070290584563598	1.4343137647953978	4.105966613237771	12.370224991233554
86	real	389.465572		1.0	0.0	0.07631860064898215	0.36292398111624574	0.2491962288251991	0.15070290584563598	1.4563783040666398	4.01290181923844	13.102965613839999
86	PyBDEI (mu)					0.07631860064898215	0.3478259452382849	0.2383036749022513	0.15856402988885124	1.4595911933836438	4.1963263907289114	13.10296561384
86	PyBDEI (lambda)					0.0857243039307618	0.36292398111624574	0.25765526118919985	0.13481601980817098	1.4085642165472632	3.881154979659764	11.665303235447494
87	PyBDEI (psi)					0.04117841480533458	0.1258699235865237	0.1073011420252733	0.11215053104750153	1.1730529723241605	9.31956530121985	24.284567648545128
87	real	884.9905310000001		1.0	0.0	0.03883141767375	0.1299655614952804	0.1073011420252733	0.124218461890226	1.2112225372649699	9.31956530121985	25.752343331930398
87	PyBDEI (mu)					0.03883141767375	0.13125534626557592	0.11151470947563592	0.11717734301539465	1.1770227164000548	8.96742685070155	25.752343331930398
87	PyBDEI (lambda)					0.04215150071913111	0.1299655614952804	0.1115740191310947	0.10661832124016353	1.1648371413651095	8.962660015187252	23.723947734703888
87	PyBDEI (p)					0.03887696114986546	0.1243411907232764	0.1055265649583161	0.124218461890226	1.1782927907526624	9.476286851514674	25.722175047199148
88	PyBDEI (lambda)					0.5813401499912857	1.9533979523420488	0.4385894444040741	0.24246815174360156	4.453818889773316	2.2800366327984314	1.7201633157713088
88	PyBDEI (p)					0.5300791848963273	1.9444006027581413	0.3883898505894944	0.287064654218774	5.006311570209543	2.5747325747112333	1.886510597837528
88	PyBDEI (psi)					0.5648464018510244	2.029727556069194	0.4558824400888929	0.2336989084623715	4.452304755746714	2.19354796777215	1.7703927947898044
88	real	14.543254999999998		1.0	0.0	0.4951937247384661	1.9533979523420488	0.4558824400888929	0.287064654218774	4.28487210861018	2.19354796777215	2.0194116969639397
88	PyBDEI (mu)					0.4951937247384661	2.0832182203895284	0.4176424705065601	0.2709736914188189	4.988042087440929	2.3943925022450334	2.01941169696394
89	PyBDEI (p)					0.06475600809943399	0.8530078696086235	0.2347030397093849	0.7978862096114008	3.6344133875080566	4.260703232639103	15.442582539437613
89	PyBDEI (psi)					0.06265022786876903	0.8137838770890193	0.19720893191169325	0.8830111182112941	4.126506184077998	5.0707642412859	15.961633884152196
89	real	70.54642820000002		1.0	0.0	0.05757583715002707	0.9349368955130328	0.19720893191169325	0.7978862096114008	4.740844577626339	5.0707642412859	17.368397048127502
89	PyBDEI (mu)					0.05757583715002707	0.8994721224499259	0.2284355510429213	0.8336378689021305	3.937531257036791	4.377602327809771	17.368397048127502
89	PyBDEI (lambda)					0.058419559767330924	0.9349368955130328	0.2371993952143946	0.7995948176762159	3.941565258494789	4.215862351150356	17.117554531097554
90	PyBDEI (psi)					0.18416027442209545	1.7686148176715704	0.34928025440687704	0.6710278983254803	5.063598057310473	2.86303043868921	5.430052725203915
90	PyBDEI (p)					0.20125901299108725	1.7845378630230833	0.361566657379216	0.575876588981556	4.935570873592572	2.765741750769863	4.9687215749402736
90	PyBDEI (mu)					0.27893264075157304	1.401429706803924	0.3328865307211064	0.5987916456134533	4.209932146452771	3.0040266208241504	3.585094943731
90	PyBDEI (lambda)					0.20222081614201465	1.4520394609171634	0.2703815572127389	0.8408376490520899	5.370334707313948	3.6984771088258435	4.945089328972566
90	real	23.8960318		1.0	0.0	0.27893264075157304	1.4520394609171634	0.34928025440687704	0.575876588981556	4.15723317478371	2.86303043868921	3.5850949437310002
91	PyBDEI (mu)					0.02484341990219798	0.1532073460967747	0.11302680065098845	0.5797984411646354	1.3554957338822529	8.847459135713002	40.25210715500271
91	PyBDEI (psi)					0.025297138998669	0.16038879083185886	0.12011065648701252	0.5516852608894431	1.3353418882462071	8.32565593468494	39.53016189113777
91	real	719.5615909999998		1.0	0.0	0.02484341990219798	0.15584505646256214	0.12011065648701252	0.5723858711868559	1.29751231922884	8.32565593468494	40.252107155002705
91	PyBDEI (p)					0.024941340061193317	0.15415521565443172	0.11381789995439252	0.5723858711868559	1.3544022136781877	8.785964249917681	40.094076643296255
91	PyBDEI (lambda)					0.02487011374414941	0.15584505646256214	0.1147200223210395	0.5723058948284497	1.3584817480808695	8.716874175647726	40.208903356352586
92	PyBDEI (lambda)					0.03130815308917142	0.4874823927574786	0.13287108284955704	0.025323582901646824	3.6688373595135775	7.5260920476748705	31.940561845082804
92	PyBDEI (mu)					0.033180261010920975	0.4963330437590585	0.142875779426469	0.02328480356330928	3.4738781181207568	6.999086927218827	30.1384006494361
92	PyBDEI (psi)					0.032042616149688084	0.5113561374476071	0.14465241205390025	0.023505274966891657	3.5350681691852186	6.913123575342669	31.20843801668593
92	PyBDEI (p)					0.03138596818849241	0.5000491817741853	0.13748861016072506	0.024412580832833	3.6370225954689968	7.273329760414289	31.86137174403457
92	real	194.436974		1.0	0.0	0.033180261010920975	0.4874823927574786	0.14465241205390025	0.024412580832833	3.37002602193618	6.913123575342669	30.1384006494361
93	PyBDEI (lambda)					0.028328549247354076	0.3371102327221689	0.11016951253357286	0.2017671215620412	3.0599230673680125	9.076921346050812	35.30007806853722
93	PyBDEI (p)					0.02894994763655269	0.368769077193562	0.12389482171490428	0.176422734291013	2.9764688474401337	8.071362355249287	34.54237681374536
93	PyBDEI (psi)					0.026393193140289255	0.3519024086516706	0.10865812577242588	0.20663492672238867	3.2386202702289997	9.20317733157302	37.88855689740315
93	PyBDEI (mu)					0.02858901755705904	0.3621198598029186	0.12041441239874727	0.18449982390515726	3.007280047207089	8.304653737698292	34.9784667487843
93	real	312.014922		1.0	0.0	0.02858901755705904	0.3371102327221689	0.10865812577242588	0.176422734291013	3.10248525202997	9.20317733157302	34.97846674878429
94	PyBDEI (psi)					0.12499121638119053	1.0550159758187654	0.2589623324117322	0.7659363227446451	4.074013258968346	3.861565466633461	8.000562191108386
94	PyBDEI (mu)					0.09300458713634634	1.183180275646674	0.22064802001382375	0.9065298844747732	5.3622972713398775	4.5321050238173415	10.7521578321076
94	PyBDEI (lambda)					0.1024283924078839	1.1947246443977184	0.2347015119886049	0.8292522105886082	5.090400288753675	4.260730966439413	9.762918039539883
94	real	47.12001959999999		1.0	0.0	0.09300458713634634	1.1947246443977184	0.2589623324117322	0.7397061400763271	4.61350742894217	3.8615654666334605	10.7521578321076
94	PyBDEI (p)					0.1291175467793622	1.0494673254654427	0.2510705739464724	0.7397061400763271	4.179969436359303	3.982943856308695	7.744880730338018
95	real	149.3755168		1.0	0.0	0.020781772747787003	0.4360822781589954	0.10315203328090508	0.7234656189874109	4.22756841807907	9.694428390730659	48.1190903267137
95	PyBDEI (p)					0.02473033635778409	0.38216728192761296	0.1160813786174926	0.7234656189874109	3.2922358993247105	8.61464613799226	40.436166558051745
95	PyBDEI (mu)					0.020781772747787003	0.3763797329079325	0.10033896040071752	0.8928137966145008	3.751082644316903	9.966218465951426	48.1190903267137
95	PyBDEI (psi)					0.022321755286712004	0.364525852460284	0.10315203328090508	0.8738962776049944	3.5338697732462734	9.69442839073066	44.79934427895523
95	PyBDEI (lambda)					0.0183751675912631	0.4360822781589954	0.10483181691238744	0.8619355547733012	4.159827531401545	9.539088698956194	54.4212723521212
96	PyBDEI (p)					0.2738173454230134	1.3987868970133603	0.4665865060233497	0.278416699249097	2.997915453953055	2.1432252906815874	3.65206958841532
96	PyBDEI (psi)					0.2851041424990939	1.3555944244467035	0.44347908067240055	0.26970491784810763	3.0567268751242076	2.25489779243658	3.5074902498239857
96	real	28.022975		1.0	0.0	0.2913660436934683	1.297856679776292	0.44347908067240055	0.278416699249097	2.9265341621266305	2.25489779243658	3.4321089284242405
96	PyBDEI (lambda)					0.33079204267422996	1.297856679776292	0.4831488743265758	0.23915289148538266	2.686245893846436	2.0697554173003576	3.0230473257931965
96	PyBDEI (mu)					0.2913660436934683	1.6723481904153092	0.6230245674502441	0.1961435058358936	2.6842411644527417	1.6050731419670088	3.4321089284242405
97	PyBDEI (lambda)					0.036616573895914	0.3230127031716749	0.13158690128833275	0.5343791747920326	2.4547481550909893	7.599540609355968	27.31003733016073
97	PyBDEI (psi)					0.04274620253364998	0.3188540171308653	0.1515333977863592	0.4629280428042471	2.104183115991398	6.5992052881296805	23.39389093599124
97	PyBDEI (p)					0.04231627722420957	0.3010947205912361	0.13520217619977412	0.480294746543074	2.2269961109674736	7.396330651678302	23.63156840809923
97	PyBDEI (mu)					0.039147417533795935	0.2716459389550705	0.11483723928999295	0.6046651313663143	2.3654864975384515	8.707976664910483	25.5444691629199
97	real	188.6290401		1.0	0.0	0.039147417533795935	0.3230127031716749	0.1515333977863592	0.480294746543074	2.13162713890358	6.5992052881296805	25.5444691629199
98	PyBDEI (mu)					0.022910359183603	0.12727016880358366	0.09792024058584664	0.34133726883197896	1.2997330076206859	10.212393209178243	43.6483772247317
98	PyBDEI (psi)					0.02270398543198953	0.13831312259467554	0.10751659766761283	0.32392484815388506	1.2864350769568629	9.3008895528065	44.04513044617342
98	PyBDEI (lambda)					0.021230085882530992	0.1211099935046648	0.09154847800812713	0.3798267014844267	1.322905592094206	10.92317449462378	47.102965364018715
98	PyBDEI (p)					0.022867549917223427	0.13243619066246248	0.10183394558776744	0.32154396609581104	1.3005112381540784	9.81990822635986	43.73008930208208
98	real	961.024896		1.0	0.0	0.022910359183603	0.1211099935046648	0.10751659766761283	0.32154396609581104	1.126430673328	9.3008895528065	43.6483772247317
99	PyBDEI (psi)					0.10041214516983313	0.182440631447472	0.12284323312387455	1.0	1.4851500307184176	8.14045653610895	9.958954649446435
99	PyBDEI (mu)					0.10557478287890998	0.17745997002582126	0.11699174810075218	1.0	1.5168588631823368	8.54761140194956	9.47195885921887
99	real	151.515921		1.0	0.0	0.10557478287890998	0.1896098780028855	0.12284323312387455	0.894496690411466	1.54351097069941	8.14045653610895	9.47195885921887
99	PyBDEI (lambda)					0.09881332411194373	0.1896098780028855	0.12042018181665398	1.0	1.574568939711256	8.304255855738138	10.12009269991888
99	PyBDEI (p)					0.10578307196051724	0.19108999247751995	0.12796248087708914	0.894496690411466	1.4933282878523289	7.814790656962351	9.453308374077498
