	type	loglk	diff with max	diff with real
0	PyBDEI	-863.7367687515743	0.0	0.12400131419497029
0	BEAST2	-863.7591324835028	0.022363731928408015	0.10163758226656228
0	PhyloDeep	-864.1222397391609	0.3854709875865865	-0.2614696733916162
0	real	-863.8607700657693	0.12400131419497029	0.0
1	PyBDEI	-812.9305091290859	0.0	0.6608937046202072
1	BEAST2	-812.9362029605226	0.005693831436701657	0.6551998731835056
1	PhyloDeep	-812.9784136133468	0.04790448426092553	0.6129892203592817
1	real	-813.5914028337061	0.6608937046202072	0.0
2	PyBDEI	-2955.0079719665277	0.0	1.3260215514587799
2	BEAST2	-2955.055369496972	0.04739753044441386	1.278624021014366
2	PhyloDeep	-2955.2926797425566	0.2847077760288812	1.0413137754298987
2	real	-2956.3339935179865	1.3260215514587799	0.0
4	PyBDEI	-2830.3565289889457	0.0	1.6572189667817838
4	BEAST2	-2830.3567567424025	0.0002277534567838302	1.656991213325
4	PhyloDeep	-2830.5076980806944	0.15116909174867033	1.5060498750331135
4	real	-2832.0137479557275	1.6572189667817838	0.0
5	PyBDEI	-2322.85296548635	0.0	1.4426982642057737
5	BEAST2	-2323.073875467173	0.22090998082285296	1.2217882833829208
5	PhyloDeep	-2324.2350090312075	1.3820435448574244	0.06065471934834932
5	real	-2324.295663750556	1.4426982642057737	0.0
6	PyBDEI	-1237.5868918823069	0.0	0.7652770895263075
6	BEAST2	-1238.3311349206417	0.7442430383348437	0.021034051191463732
6	PhyloDeep	-1244.8552704741037	7.268378591796818	-6.5031015022705105
6	real	-1238.3521689718332	0.7652770895263075	0.0
7	PyBDEI	-1788.2227167822164	0.0	1.034744909572055
7	BEAST2	-1788.2272041874562	0.004487405239842701	1.0302575043322122
7	PhyloDeep	-1788.7318008138657	0.5090840316493086	0.5256608779227463
7	real	-1789.2574616917884	1.034744909572055	0.0
8	PyBDEI	-2194.8327330617376	0.0	2.9362539034718793
8	BEAST2	-2194.840283628988	0.007550567250291351	2.928703336221588
8	PhyloDeep	-2195.1905347309157	0.35780166917811584	2.5784522342937635
8	real	-2197.7689869652095	2.9362539034718793	0.0
9	PyBDEI	-1886.333985867548	0.0	0.625121980534459
9	BEAST2	-1886.3352768776822	0.0012910101340821711	0.6238309704003768
9	PhyloDeep	-1887.307651466562	0.9736655990138843	-0.3485436184794253
9	real	-1886.9591078480826	0.625121980534459	0.0
10	PyBDEI	-3629.819522008593	0.0	1.1104893655542583
10	BEAST2	-3630.509285703901	0.6897636953076471	0.4207256702466111
10	PhyloDeep	-3630.4363897559724	0.6168677473792741	0.4936216181749842
10	real	-3630.9300113741474	1.1104893655542583	0.0
11	PyBDEI	-2000.7224249670417	0.0	2.587946949319303
11	BEAST2	-2000.7285809524471	0.006155985405484898	2.581790963913818
11	PhyloDeep	-2001.3099825480654	0.5875575810237024	2.0003893682956004
11	real	-2003.310371916361	2.587946949319303	0.0
12	PyBDEI	-979.5953860408212	0.0	0.529179913391431
12	BEAST2	-979.6293798063195	0.03399376549839417	0.49518614789303683
12	PhyloDeep	-979.6299760980289	0.03459005720776531	0.4945898561836657
12	real	-980.1245659542126	0.529179913391431	0.0
13	PyBDEI	-1822.8483142002992	0.0	0.4315103521362289
13	BEAST2	-1822.883283649189	0.034969448889796695	0.3965409032464322
13	PhyloDeep	-1823.099641121906	0.25132692160673287	0.18018343052949604
13	real	-1823.2798245524355	0.4315103521362289	0.0
14	PyBDEI	-1424.3191012316306	0.0	1.5744305202745181
14	BEAST2	-1424.7235685670043	0.404467335373738	1.16996318490078
14	PhyloDeep	-1434.1368261335838	9.81772490195317	-8.243294381678652
14	real	-1425.8935317519051	1.5744305202745181	0.0
15	PyBDEI	-2144.318681929603	0.0	0.462976337643795
15	BEAST2	-2144.3261198874375	0.007437957834554254	0.4555383798092407
15	PhyloDeep	-2147.014012293345	2.6953303637419594	-2.2323540260981645
15	real	-2144.7816582672467	0.462976337643795	0.0
16	PyBDEI	-902.9947344722827	0.0	2.9810755327566767
16	BEAST2	-903.0076653785901	0.012930906307360601	2.968144626449316
16	PhyloDeep	-904.084329814912	1.089595342629309	1.8914801901273677
16	real	-905.9758100050394	2.9810755327566767	0.0
17	PyBDEI	-2877.332639688801	0.0	1.2145614983060113
17	BEAST2	-2877.3652866493667	0.03264696056567118	1.1819145377403402
17	PhyloDeep	-2877.3726033473085	0.03996365850753136	1.17459783979848
17	real	-2878.547201187107	1.2145614983060113	0.0
18	PyBDEI	-1800.7566182099756	0.0	1.2447916529074519
18	BEAST2	-1929.474032869532	128.71741465955643	-127.47262300664897
18	PhyloDeep	-1800.7708499838052	0.014231773829578742	1.2305598790778731
18	real	-1802.001409862883	1.2447916529074519	0.0
19	PyBDEI	-1126.1475098188748	0.0	0.5073987429266253
19	BEAST2	-1126.1582683995268	0.010758580652009186	0.49664016227461616
19	PhyloDeep	-1127.2324950910822	1.0849852722074047	-0.5775865292807794
19	real	-1126.6549085618014	0.5073987429266253	0.0
20	PyBDEI	-1669.1562234533178	0.0	0.6866579170002751
20	BEAST2	-1669.161332452494	0.0051089991761728015	0.6815489178241023
20	PhyloDeep	-1669.6501082068544	0.4938847535365767	0.19277316346369844
20	real	-1669.842881370318	0.6866579170002751	0.0
21	PyBDEI	-1686.572954190106	0.0	1.4531058354264133
21	BEAST2	-1686.681811341093	0.10885715098697801	1.3442486844394352
21	PhyloDeep	-1686.999560027417	0.4266058373109445	1.0264999981154688
21	real	-1688.0260600255324	1.4531058354264133	0.0
22	PyBDEI	-1457.6491775855845	0.0	2.6563072575008846
22	BEAST2	-1459.2507097071264	1.6015321215418226	1.054775135959062
22	PhyloDeep	-1457.8439926875562	0.19481510197169882	2.4614921555291858
22	real	-1460.3054848430854	2.6563072575008846	0.0
23	PyBDEI	-2418.568094844434	0.0	1.5451092192261058
23	BEAST2	-2418.5703740887293	0.0022792442950958502	1.54282997493101
23	PhyloDeep	-2418.635331909058	0.067237064623896	1.4778721546022098
23	real	-2420.1132040636603	1.5451092192261058	0.0
24	PyBDEI	-1965.507352488178	0.0	2.1901253026251197
24	BEAST2	-1965.5549095067358	0.04755701855788175	2.142568284067238
24	PhyloDeep	-1966.08764091004	0.5802884218619511	1.6098368807631687
24	real	-1967.697477790803	2.1901253026251197	0.0
25	PyBDEI	-3115.9966533375828	0.0	2.6524324391816663
25	BEAST2	-3115.997600960808	0.0009476232253291528	2.651484815956337
25	PhyloDeep	-3117.139907999797	1.1432546622140762	1.50917777696759
25	real	-3118.6490857767644	2.6524324391816663	0.0
26	PyBDEI	-3148.439446448969	0.0	0.20970519695129042
26	BEAST2	-3148.46919984293	0.02975339396061827	0.17995180299067215
26	PhyloDeep	-3148.503047606244	0.06360115727466109	0.14610403967662933
26	real	-3148.6491516459205	0.20970519695129042	0.0
27	PyBDEI	-2339.425683753591	0.07847533833910347	0.6732796323285584
27	BEAST2	-2339.3472084152518	0.0	0.7517549706676618
27	PhyloDeep	-2340.0909532769538	0.7437448617019982	0.008010108965663676
27	real	-2340.0989633859194	0.7517549706676618	0.0
28	PyBDEI	-1321.4632803067145	0.0	3.834917606345698
28	BEAST2	-1321.4782632188412	0.014982912126697556	3.8199346942190004
28	PhyloDeep	-1321.7311357056192	0.2678553989046577	3.5670622074410403
28	real	-1325.2981979130602	3.834917606345698	0.0
29	PyBDEI	-3005.512581782219	0.0	2.055757588870165
29	BEAST2	-3005.515211460851	0.002629678631819843	2.053127910238345
29	PhyloDeep	-3005.640152105332	0.12757032311310468	1.9281872657570602
29	real	-3007.568339371089	2.055757588870165	0.0
30	PyBDEI	-1085.7806699357718	0.0	1.2532529902346141
30	BEAST2	-1178.8575069738379	93.07683703806606	-91.82358404783145
30	PhyloDeep	-1085.7940588215665	0.013388885794711314	1.2398641044399028
30	real	-1087.0339229260064	1.2532529902346141	0.0
31	PyBDEI	-1604.7379918562551	0.0	1.935330548688853
31	BEAST2	-1711.023814170688	106.28582231443283	-104.35049176574398
31	PhyloDeep	-1604.8749641648026	0.13697230854745612	1.798358240141397
31	real	-1606.673322404944	1.935330548688853	0.0
32	PyBDEI	-1880.2134090614752	0.0	1.302352807401121
32	BEAST2	-1880.2149788154975	0.0015697540222845419	1.3007830533788365
32	PhyloDeep	-1880.5446618974263	0.3312528359510907	0.9710999714500304
32	real	-1881.5157618688763	1.302352807401121	0.0
33	PyBDEI	-1219.854061700243	0.0	1.0302262411671563
33	BEAST2	-1219.8704441416767	0.01638244143373413	1.0138437997334222
33	PhyloDeep	-1220.4978916738091	0.6438299735661985	0.3863962676009578
33	real	-1220.88428794141	1.0302262411671563	0.0
34	PyBDEI	-1384.5151126570456	0.0	2.7678813417571746
34	BEAST2	-1384.52778169883	0.012669041784420187	2.7552122999727544
34	PhyloDeep	-1385.8543553384354	1.3392426813898055	1.428638660367369
34	real	-1387.2829939988028	2.7678813417571746	0.0
35	PyBDEI	-3197.119228275609	0.0	2.0896296023702234
35	BEAST2	-3197.1211462145548	0.0019179389455530327	2.0877116634246704
35	PhyloDeep	-3197.713494704369	0.5942664287599655	1.495363173610258
35	real	-3199.2088578779794	2.0896296023702234	0.0
36	PyBDEI	-1898.1204153945826	0.0	1.3361767864817011
36	BEAST2	-1898.1235240392161	0.003108644633584845	1.3330681418481163
36	PhyloDeep	-1898.6710317259397	0.5506163313571051	0.785560455124596
36	real	-1899.4565921810643	1.3361767864817011	0.0
37	PyBDEI	-2278.033096920314	0.0	0.2603410062738476
37	BEAST2	-2278.0390108407214	0.005913920407238038	0.25442708586660956
37	PhyloDeep	-2278.3217387088735	0.2886417885592891	-0.028300782285441528
37	real	-2278.293437926588	0.2603410062738476	0.0
38	PyBDEI	-1315.3992583049665	0.0	0.4544656118594048
38	BEAST2	-1315.4041726091978	0.004914304231306232	0.4495513076280986
38	PhyloDeep	-1316.9056899642717	1.5064316593052354	-1.0519660474458306
38	real	-1315.8537239168259	0.4544656118594048	0.0
39	PyBDEI	-3822.918122143687	0.0	0.7786241360322492
39	BEAST2	-3822.920382506567	0.002260362879951572	0.7763637731522977
39	PhyloDeep	-3822.960770640683	0.04264849699620754	0.7359756390360417
39	real	-3823.6967462797193	0.7786241360322492	0.0
40	PyBDEI	-1499.5611208379091	0.0	0.9253744675454527
40	BEAST2	-1499.5675086309059	0.006387792996747521	0.9189866745487052
40	PhyloDeep	-1500.1199683196642	0.5588474817550377	0.366526985790415
40	real	-1500.4864953054546	0.9253744675454527	0.0
41	PyBDEI	-1588.054816515697	0.0	2.7400238433401682
41	BEAST2	-1588.3152622499333	0.26044573423632755	2.4795781091038407
41	PhyloDeep	-1589.5511894901929	1.4963729744958982	1.24365086884427
41	real	-1590.7948403590372	2.7400238433401682	0.0
42	PyBDEI	-1428.1019731311835	0.0	0.7464466699636887
42	BEAST2	-1428.1041727642805	0.002199633097006881	0.7442470368666818
42	PhyloDeep	-1428.9250646599553	0.8230915287717835	-0.0766448588080948
42	real	-1428.8484198011472	0.7464466699636887	0.0
43	PyBDEI	-3152.168161026252	0.0	3.8248773439077013
43	BEAST2	-3152.6444672990806	0.47630627282842397	3.3485710710792773
43	PhyloDeep	-3155.7306877236324	3.5625266973802354	0.26235064652746587
43	real	-3155.99303837016	3.8248773439077013	0.0
44	PyBDEI	-847.6476917646324	0.0	3.393011267210909
44	BEAST2	-847.6555409148299	0.007849150197444033	3.385162117013465
44	PhyloDeep	-847.8392815416963	0.19158977706388214	3.201421490147027
44	real	-851.0407030318433	3.393011267210909	0.0
45	PyBDEI	-2465.42825196604	0.0	0.44774521421959435
45	BEAST2	-2465.5967897924056	0.1685378263655366	0.27920738785405774
45	PhyloDeep	-2470.4811345585777	5.052882592537571	-4.605137378317977
45	real	-2465.8759971802597	0.44774521421959435	0.0
46	PyBDEI	-1679.1162440086553	0.0	0.4832212353098839
46	BEAST2	-1679.160977201367	0.04473319271164655	0.43848804259823737
46	PhyloDeep	-1679.429372249618	0.3131282409626692	0.1700929943472147
46	real	-1679.5994652439651	0.4832212353098839	0.0
47	PyBDEI	-2622.1483527561804	0.0	1.9579251057921283
47	BEAST2	-2622.1568183721965	0.008465616016110289	1.949459489776018
47	PhyloDeep	-2623.3214460179406	1.1730932617601866	0.7848318440319417
47	real	-2624.1062778619726	1.9579251057921283	0.0
48	PyBDEI	-1623.598539204885	0.0	1.4547163138415726
48	BEAST2	-1623.6044443675053	0.005905162620365445	1.4488111512212072
48	PhyloDeep	-1623.9700620503465	0.3715228454616408	1.0831934683799318
48	real	-1625.0532555187265	1.4547163138415726	0.0
49	PyBDEI	-2405.0114572535654	0.0	0.4261584166947614
49	BEAST2	-2405.01728289921	0.0058256456445633376	0.42033277105019806
49	PhyloDeep	-2405.2748981831824	0.2634409296169906	0.16271748707777078
49	real	-2405.43761567026	0.4261584166947614	0.0
50	PyBDEI	-2573.705164411698	0.0	3.2281978004975826
50	BEAST2	-2689.290957985939	115.5857935742406	-112.35759577374301
50	PhyloDeep	-2573.8411046283813	0.13594021668313871	3.092257583814444
50	real	-2576.933362212196	3.2281978004975826	0.0
51	PyBDEI	-885.5561335877143	0.0	1.4578945513715098
51	BEAST2	-885.5646552850507	0.008521697336391298	1.4493728540351185
51	PhyloDeep	-886.3452133795561	0.7890797918418002	0.6688147595297096
51	real	-887.0140281390858	1.4578945513715098	0.0
52	PyBDEI	-2159.996148018048	0.0	3.5774553087117056
52	BEAST2	-2159.9980633935843	0.0019153755361003277	3.5755399331756053
52	PhyloDeep	-2160.5767208732855	0.5805728552372784	2.996882453474427
52	real	-2163.57360332676	3.5774553087117056	0.0
53	PyBDEI	-1953.1372241690349	0.0	1.4527648907246657
53	BEAST2	-1953.7720000366664	0.6347758676315607	0.8179890230931051
53	PhyloDeep	-1956.2823968180987	3.145172649063852	-1.6924077583391863
53	real	-1954.5899890597595	1.4527648907246657	0.0
54	PyBDEI	-2743.2786681639172	0.0	0.655080464650382
54	BEAST2	-2743.281715475997	0.003047312079615949	0.6520331525707661
54	PhyloDeep	-2743.322589896934	0.04392173301675939	0.6111587316336227
54	real	-2743.9337486285676	0.655080464650382	0.0
55	PyBDEI	-1256.9931942810235	0.0	1.5444253830764865
55	BEAST2	-1257.2802812768482	0.2870869958246658	1.2573383872518207
55	PhyloDeep	-1257.6719530424702	0.6787587614467157	0.8656666216297708
55	real	-1258.5376196641	1.5444253830764865	0.0
56	PyBDEI	-3317.4025321542645	0.0	0.5310968217249865
56	BEAST2	-3317.4886309272115	0.08609877294702528	0.44499804877796123
56	PhyloDeep	-3317.997376804433	0.5948446501683975	-0.06374782844341098
56	real	-3317.9336289759894	0.5310968217249865	0.0
57	PyBDEI	-2311.1057838509487	0.0	1.6165448177484905
57	BEAST2	-2311.394369662245	0.2885858112963433	1.3279590064521472
57	PhyloDeep	-2311.7548289797146	0.6490451287659198	0.9674996889825707
57	real	-2312.722328668697	1.6165448177484905	0.0
58	PyBDEI	-1796.4524275516367	0.0	1.086233286584502
58	BEAST2	-1796.5485360014445	0.0961084498078435	0.9901248367766584
58	PhyloDeep	-1796.9138794479722	0.46145189633557493	0.624781390248927
58	real	-1797.5386608382212	1.086233286584502	0.0
59	PyBDEI	-1460.6228502929216	0.0	5.511813527275535
59	BEAST2	-1596.419757576126	135.7969072832043	-130.28509375592876
59	PhyloDeep	-1463.5023119224645	2.8794616295429023	2.632351897732633
59	real	-1466.1346638201971	5.511813527275535	0.0
60	PyBDEI	-2735.901491617813	0.0	0.7506199696899785
60	BEAST2	-2735.903711635789	0.0022200179760147876	0.7483999517139637
60	PhyloDeep	-2736.3582801319003	0.45678851408729315	0.2938314556026853
60	real	-2736.652111587503	0.7506199696899785	0.0
61	PyBDEI	-1009.2248801454888	0.0	3.7191295147504206
61	BEAST2	-1009.2345627707911	0.009682625302275483	3.709446889448145
61	PhyloDeep	-1009.5590283598921	0.33414821440328524	3.3849813003471354
61	real	-1012.9440096602392	3.7191295147504206	0.0
62	PyBDEI	-1635.2122184494658	0.0	2.167994556107942
62	BEAST2	-1635.224581794652	0.012363345186258812	2.1556312109216833
62	PhyloDeep	-1636.607806527019	1.3955880775531568	0.7724064785547853
62	real	-1637.3802130055738	2.167994556107942	0.0
63	PyBDEI	-3016.0092346533993	0.0	1.7978414453459663
63	BEAST2	-3016.2860667485766	0.27683209517726937	1.521009350168697
63	PhyloDeep	-3016.18044814937	0.17121349597073277	1.6266279493752336
63	real	-3017.8070760987453	1.7978414453459663	0.0
64	PyBDEI	-2504.941669534513	0.0	2.2036195927053086
64	BEAST2	-2504.9421919574593	0.0005224229462328367	2.2030971697590758
64	PhyloDeep	-2505.5258344274293	0.5841648929163057	1.619454699789003
64	real	-2507.1452891272183	2.2036195927053086	0.0
65	PyBDEI	-773.7254168185743	0.0	0.7955512369165945
65	BEAST2	-773.7546765888842	0.029259770309863598	0.7662914666067309
65	PhyloDeep	-773.8865769189659	0.1611601003916121	0.6343911365249824
65	real	-774.5209680554909	0.7955512369165945	0.0
66	PyBDEI	-1948.645731035881	0.0	1.2304328349241587
66	BEAST2	-1948.646441443468	0.0007104075868937798	1.229722427337265
66	PhyloDeep	-1949.100091203732	0.45436016785106403	0.7760726670730946
66	real	-1949.8761638708052	1.2304328349241587	0.0
67	PyBDEI	-2175.5167377872176	0.0	1.0188201937708072
67	BEAST2	-2295.732130605884	120.21539281866626	-119.19657262489545
67	PhyloDeep	-2176.85670678279	1.3399689955722351	-0.3211488018014279
67	real	-2176.5355579809884	1.0188201937708072	0.0
68	PyBDEI	-1367.0610328868624	0.0	1.5519095561844551
68	BEAST2	-1367.0698164160458	0.008783529183347127	1.543126027001108
68	PhyloDeep	-1367.4990498778523	0.4380169909898086	1.1138925651946465
68	real	-1368.612942443047	1.5519095561844551	0.0
69	PyBDEI	-2524.085394088985	0.0	0.920820472016203
69	BEAST2	-2628.1095409870645	104.02414689807938	-103.10332642606318
69	PhyloDeep	-2524.5323429742184	0.4469488852332688	0.4738715867829342
69	real	-2525.0062145610013	0.920820472016203	0.0
70	PyBDEI	-1402.7211067541182	0.0	1.0422648548828874
70	BEAST2	-1402.7259952003756	0.004888446257382384	1.037376408625505
70	PhyloDeep	-1402.875731335576	0.15462458145771052	0.8876402734251769
70	real	-1403.763371609001	1.0422648548828874	0.0
71	PyBDEI	-2415.456946538199	0.0	1.345190005488348
71	BEAST2	-2415.519008636506	0.06206209830679654	1.2831279071815516
71	PhyloDeep	-2416.677939656367	1.2209931181678257	0.12419688732052236
71	real	-2416.8021365436875	1.345190005488348	0.0
72	PyBDEI	-3831.943811312472	0.0	0.4722659698222742
72	BEAST2	-3831.9440131783067	0.00020186583469694597	0.47206410398757725
72	PhyloDeep	-3833.4872870478994	1.5434757354273643	-1.07120976560509
72	real	-3832.4160772822943	0.4722659698222742	0.0
73	PyBDEI	-2807.5023165587836	0.0	2.0098371377675903
73	BEAST2	-2807.5038575246467	0.001540965863114252	2.008296171904476
73	PhyloDeep	-2807.533249351067	0.030932792283238086	1.9789043454843522
73	real	-2809.512153696551	2.0098371377675903	0.0
75	PyBDEI	-2295.003014228057	0.0	0.8107511671641987
75	BEAST2	-2295.0034063689077	0.0003921408506357693	0.8103590263135629
75	PhyloDeep	-2295.21386889659	0.21085466853310209	0.5998964986310966
75	real	-2295.8137653952213	0.8107511671641987	0.0
76	PyBDEI	-1644.2169910608884	0.0	0.547450397703642
76	BEAST2	-1735.6436497808322	91.42665871994382	-90.87920832224017
76	PhyloDeep	-1645.5176760928725	1.3006850319841305	-0.7532346342804885
76	real	-1644.764441458592	0.547450397703642	0.0
77	PyBDEI	-517.7675530921424	0.0	3.571550702681634
77	BEAST2	-517.9735254615629	0.20597236942046493	3.365578333261169
77	PhyloDeep	-518.3410136898799	0.573460597737494	2.99809010494414
77	real	-521.339103794824	3.571550702681634	0.0
78	PyBDEI	-2386.751308282283	0.0	1.994066849486444
78	BEAST2	-2387.361284634518	0.6099763522352077	1.3840904972512362
78	PhyloDeep	-2387.010410636889	0.2591023546060569	1.734964494880387
78	real	-2388.7453751317694	1.994066849486444	0.0
79	PyBDEI	-2682.85055221637	0.0	2.832885593400988
79	BEAST2	-2682.8610448118734	0.01049259550336501	2.822392997897623
79	PhyloDeep	-2683.609818068753	0.7592658523831233	2.0736197410178647
79	real	-2685.683437809771	2.832885593400988	0.0
80	PyBDEI	-2225.439934159711	0.0	0.3796671678578605
80	BEAST2	-2225.4684160523925	0.028481892681611498	0.351185275176249
80	PhyloDeep	-2225.766776404271	0.3268422445598844	0.052824923297976056
80	real	-2225.8196013275688	0.3796671678578605	0.0
81	PyBDEI	-2970.9608523344587	0.0	2.4139601911065256
81	BEAST2	-2970.9670222544773	0.00616992001869221	2.4077902710878334
81	PhyloDeep	-2971.1213883479413	0.16053601348266966	2.253424177623856
81	real	-2973.374812525565	2.4139601911065256	0.0
82	PyBDEI	-1666.3816754202178	0.0	5.556965279842643
82	BEAST2	-1668.8541961848262	2.472520764608362	3.0844445152342814
82	PhyloDeep	-1668.870845860825	2.4891704406072677	3.0677948392353755
82	real	-1671.9386407000604	5.556965279842643	0.0
83	PyBDEI	-1440.9073719992457	0.0	5.884370917340675
83	BEAST2	-1440.9328771148391	0.025505115593432492	5.858865801747243
83	PhyloDeep	-1441.1770837699687	0.26971177072300634	5.614659146617669
83	real	-1446.7917429165864	5.884370917340675	0.0
84	PyBDEI	-1930.7376273347854	0.0	1.5256820877395967
84	BEAST2	-1930.7425071859643	0.004879851178884564	1.5208022365607121
84	PhyloDeep	-1932.0288106119774	1.2911832771919762	0.23449881054762045
84	real	-1932.263309422525	1.5256820877395967	0.0
85	PyBDEI	-1142.312551756323	0.0	2.4500383082061035
85	BEAST2	-1142.8581369113847	0.5455851550616444	1.904453153144459
85	PhyloDeep	-1143.301302440998	0.9887506846748693	1.4612876235312342
85	real	-1144.7625900645291	2.4500383082061035	0.0
86	PyBDEI	-2485.26609582984	0.0	0.2499740132147963
86	BEAST2	-2485.272670790351	0.006574960510988603	0.24339905270380768
86	PhyloDeep	-2485.5156927572752	0.24959692743505002	0.0003770857797462668
86	real	-2485.516069843055	0.2499740132147963	0.0
87	PyBDEI	-4012.6079771226987	0.0	0.6055394980176061
87	BEAST2	-4012.6888176861953	0.08084056349662205	0.524698934520984
87	PhyloDeep	-4012.802034295777	0.19405717307836312	0.41148232493924297
87	real	-4013.2135166207163	0.6055394980176061	0.0
88	PyBDEI	-1266.8637802477176	0.0	2.1143471293466973
88	BEAST2	-1267.1486568468429	0.28487659912525487	1.8294705302214425
88	PhyloDeep	-1267.4736986757016	0.6099184279839847	1.5044287013627127
88	real	-1268.9781273770643	2.1143471293466973	0.0
89	PyBDEI	-1913.8155018035227	0.0	2.6156017943624192
89	BEAST2	-1913.818689642182	0.0031878386594144104	2.612413955703005
89	PhyloDeep	-1914.2736252921309	0.4581234886081802	2.157478305754239
89	real	-1916.431103597885	2.6156017943624192	0.0
90	PyBDEI	-796.0145885079629	0.0	1.8473670367960722
90	BEAST2	-796.2323629666735	0.2177744587105508	1.6295925780855214
90	PhyloDeep	-796.6752234354587	0.6606349274958347	1.1867321093002374
90	real	-797.861955544759	1.8473670367960722	0.0
91	PyBDEI	-2338.4084237287143	0.0	0.2418238775021564
91	BEAST2	-2338.4182902295092	0.009866500794942112	0.23195737670721428
91	PhyloDeep	-2338.450055010453	0.041631281738773396	0.200192595763383
91	real	-2338.6502476062165	0.2418238775021564	0.0
92	PyBDEI	-3733.504093925365	0.0	0.42640815102458873
92	BEAST2	-3733.5181492823344	0.014055356969493005	0.41235279405509573
92	PhyloDeep	-3733.870341591725	0.36624766635986816	0.06016048466472057
92	real	-3733.9305020763895	0.42640815102458873	0.0
93	PyBDEI	-2130.851097850111	0.0	0.7830348237994258
93	BEAST2	-2130.865156164902	0.014058314791327575	0.7689765090080982
93	PhyloDeep	-2131.3226161269463	0.471518276835468	0.3115165469639578
93	real	-2131.6341326739102	0.7830348237994258	0.0
94	PyBDEI	-2007.0837043556398	0.0	4.768414764878344
94	BEAST2	-2007.0940748633386	0.010370507698780784	4.758044257179563
94	PhyloDeep	-2007.808002823911	0.7242984682711722	4.0441162966071715
94	real	-2011.8521191205182	4.768414764878344	0.0
95	PyBDEI	-3442.3047265833093	1.967976459127385e-06	2.712857347957197
95	BEAST2	-3442.304724615333	0.0	2.712859315933656
95	PhyloDeep	-3442.6158705474645	0.3111459321316943	2.4017133838019618
95	real	-3445.0175839312665	2.712859315933656	0.0
96	PyBDEI	-1657.0501367767813	0.0	0.3198579888912718
96	BEAST2	-1657.052894143445	0.0027573666636726557	0.31710062222759916
96	PhyloDeep	-1657.5925473902391	0.5424106134578324	-0.22255262456656055
96	real	-1657.3699947656726	0.3198579888912718	0.0
97	PyBDEI	-2711.9504888751253	0.0	1.2610091526548786
97	BEAST2	-2711.9594986344796	0.009009759354285052	1.2519993933005935
97	PhyloDeep	-2712.1429237055063	0.1924348303809893	1.0685743222738893
97	real	-2713.21149802778	1.2610091526548786	0.0
98	PyBDEI	-3982.1881668269048	0.0	5.388536894416575
98	BEAST2	-3982.3268466740237	0.13867984711896497	5.24985704729761
98	PhyloDeep	-3982.8616423688977	0.673475541992957	4.715061352423618
98	real	-3987.5767037213213	5.388536894416575	0.0
99	PyBDEI	-2775.600165253568	0.0	0.19323728155723074
99	BEAST2	-2775.6018958238633	0.001730570295421785	0.19150671126180896
99	PhyloDeep	-2775.895276493745	0.2951112401769933	-0.10187395861976256
99	real	-2775.793402535125	0.19323728155723074	0.0
