node	GIN	LBR	SLE
root	0.9926052781334201	0.004685827697188855	0.0027088941693911056
n0	0.9999307029188146	4.3911615367994707e-05	2.5385465817594653e-05
n256256	0.9998480432619488	9.629071989213865e-05	5.566601815914828e-05
n00	0.9999999999998914	1.0771574210845754e-13	9.835116901914323e-16
n4	0.9999999232906263	4.860857709905842e-08	2.810079661308392e-08
510	1.0	0.0	0.0
n257	0.9998648993598406	8.560948376274715e-05	4.9491156396697165e-05
376	1.0	0.0	0.0
375	1.0	0.0	0.0
378	1.0	0.0	0.0
374	1.0	0.0	0.0
390	1.0	0.0	0.0
n1	0.9999997508384312	1.5788669305956012e-07	9.127487574655869e-08
388	1.0	0.0	0.0
n33	0.9999999958038432	2.6589867358976793e-09	1.537169979239708e-09
389	0.0	1.0	0.0
n44	0.999999986720291	8.414978830480816e-09	4.864730110140519e-09
n5	0.9999630329662232	2.342497174054652e-05	1.3542062036169874e-05
n8	0.9999999999986197	8.746459145889752e-13	5.056360095643e-13
n88	0.9999997187728298	1.7820576448849464e-07	1.0302140573041176e-07
n257257	0.9998648993598406	8.560948376274715e-05	4.9491156396697165e-05
n258258	0.9999992491528699	4.7579075221607406e-07	2.7505637804435104e-07
399	1.0	0.0	0.0
n11	0.9999999999998451	9.816085693883533e-14	5.6747151241497914e-14
n22	0.9999942497990412	3.643740955142511e-06	2.1064600036549262e-06
397	1.0	0.0	0.0
396	1.0	0.0	0.0
392	1.0	0.0	0.0
441	1.0	0.0	0.0
393	1.0	0.0	0.0
394	1.0	0.0	0.0
395	1.0	0.0	0.0
n55	0.9999682689981082	2.0107045296134308e-05	1.1623956595559833e-05
n66	0.9999999994420652	3.53547572453941e-10	2.0438714769594982e-10
384	1.0	0.0	0.0
442	1.0	0.0	0.0
385	1.0	0.0	0.0
386	1.0	0.0	0.0
381	1.0	0.0	0.0
382	1.0	0.0	0.0
383	1.0	0.0	0.0
387	1.0	0.0	0.0
443	1.0	0.0	0.0
n9	1.0	0.0	0.0
n258	1.0	0.0	0.0
149	1.0	0.0	0.0
492	1.0	0.0	0.0
n259	0.9999956251775396	2.7722022038636208e-06	1.6026202565934081e-06
n259259	0.9999999856578988	9.088186973341504e-09	5.253914205423507e-09
n269	0.9999999922101772	4.936191972553746e-09	2.853630674783773e-09
n2	0.9999999999942314	3.655400583288877e-12	2.1132004774318074e-12
402	1.0	0.0	0.0
405	1.0	0.0	0.0
406	1.0	0.0	0.0
421	1.0	0.0	0.0
404	1.0	0.0	0.0
398	1.0	0.0	0.0
n3	1.0	0.0	0.0
391	1.0	0.0	0.0
n6	1.0	0.0	0.0
408	1.0	0.0	0.0
413	1.0	0.0	0.0
412	1.0	0.0	0.0
411	1.0	0.0	0.0
n7	1.0	7.415424387854442e-20	4.28688402261906e-20
377	1.0	0.0	0.0
n99	9.846469660287731e-10	3.7974238131294213e-13	0.9999999990149733
472	1.0	0.0	0.0
482	1.0	0.0	0.0
461	1.0	0.0	0.0
508	1.0	0.0	0.0
509	1.0	0.0	0.0
473	1.0	0.0	0.0
476	1.0	0.0	0.0
n260	1.0	2.0147962443199185e-22	1.6188617535310628e-21
467	1.0	0.0	0.0
449	1.0	0.0	0.0
505	1.0	0.0	0.0
463	1.0	0.0	0.0
410	1.0	0.0	0.0
403	1.0	0.0	0.0
407	1.0	0.0	0.0
409	1.0	0.0	0.0
401	1.0	0.0	0.0
400	1.0	0.0	0.0
379	1.0	0.0	0.0
380	1.0	0.0	0.0
302	0.9699499272467256	0.019041887680211544	0.011008185073062862
420	1.0	0.0	0.0
416	1.0	0.0	0.0
419	1.0	0.0	0.0
432	1.0	0.0	0.0
n77	0.999997752205581	1.4243642337854615e-06	8.234301850890628e-07
425	1.0	0.0	0.0
417	1.0	0.0	0.0
418	1.0	0.0	0.0
n10	0.0	0.0	1.0
914	0.0	0.0	1.0
422	0.0	0.0	1.0
428	0.0	1.0	0.0
n1010	9.846469660287733e-10	3.797423813129422e-13	0.9999999990149734
426	0.0	1.0	0.0
431	0.0	0.0	1.0
414	1.0	0.0	0.0
921	0.0	0.0	1.0
437	1.0	0.0	0.0
434	0.0	1.0	0.0
n12	9.547958612408568e-10	5.96687858868305e-10	0.9999999984485162
n1212	9.846469660287731e-10	3.7974238131294213e-13	0.9999999990149733
n260260	0.9880572563786795	0.00026413508521882785	0.011678608536101677
507	1.0	0.0	0.0
480	1.0	0.0	0.0
469	1.0	0.0	0.0
477	1.0	0.0	0.0
490	1.0	0.0	0.0
481	1.0	0.0	0.0
498	1.0	0.0	0.0
478	1.0	0.0	0.0
n262262	1.0	2.0147962443199185e-22	1.6188617535310628e-21
515	1.0	0.0	0.0
514	1.0	0.0	0.0
415	1.0	0.0	0.0
919	0.0	0.0	1.0
n1111	0.9967939957405546	1.8961469280832276e-05	0.003187042790164557
920	0.0	0.0	1.0
899	0.0	0.0	1.0
917	0.0	0.0	1.0
424	0.0	0.0	1.0
n13	1.0	0.0	0.0
454	1.0	0.0	0.0
n1313	8.329687925847395e-77	1.9374646327032988e-47	1.0
180	1.0	0.0	0.0
n261	0.9872350857312272	0.0002783091153673423	0.012486605153405585
n263	0.9999410820285639	3.7334664832464646e-05	2.1583306603769256e-05
144	1.0	0.0	0.0
n266	1.0	0.0	0.0
278	1.0	0.0	0.0
317	1.0	0.0	0.0
275	1.0	0.0	0.0
315	1.0	0.0	0.0
217	1.0	0.0	0.0
203	1.0	0.0	0.0
936	0.0	0.0	1.0
886	0.0	1.0	0.0
945	0.0	0.0	1.0
937	0.0	0.0	1.0
873	0.0	1.0	0.0
901	0.0	0.0	1.0
n14	0.00016722024462621958	0.996741886007074	0.003090893748299683
n1414	1.4592968618312577e-06	1.071581366727191e-05	0.999987824889471
911	0.0	0.0	1.0
423	0.0	0.0	1.0
968	0.0	0.0	1.0
947	0.0	0.0	1.0
944	0.0	0.0	1.0
n15	0.0	0.0	1.0
918	0.0	0.0	1.0
870	0.0	1.0	0.0
n1515	0.0004155806882568471	0.9750615178596121	0.024522901452130912
977	0.0	0.0	1.0
950	0.0	0.0	1.0
933	0.0	0.0	1.0
948	0.0	0.0	1.0
915	0.0	0.0	1.0
440	0.0	1.0	0.0
n17	0.0	0.0	1.0
966	0.0	0.0	1.0
941	0.0	0.0	1.0
989	0.0	0.0	1.0
956	0.0	0.0	1.0
942	0.0	0.0	1.0
913	0.0	0.0	1.0
939	0.0	0.0	1.0
996	0.0	0.0	1.0
959	0.0	0.0	1.0
925	0.0	0.0	1.0
926	0.0	0.0	1.0
n1717	0.0005904845219292428	0.9920732846506515	0.007336230827419258
n18	8.329687925847396e-77	1.9374646327031724e-47	1.0
n2020	3.067421053042771e-10	0.999999971694147	2.7999110961017714e-08
n2323	0.9999999971968194	2.6232919064662803e-11	2.776947734186445e-09
n27	8.329687925847395e-77	1.9374646327032988e-47	1.0
930	0.0	0.0	1.0
n28	2.2812645547687334e-10	0.9999999962283579	3.543515628889438e-09
856	0.0	1.0	0.0
n30	0.0009733928985203594	0.8422665814558944	0.15676002564558528
n3434	4.7587255382997064e-09	0.9999998047239784	1.9051729594898866e-07
n4040	6.84953551181197e-35	1.0	3.347458868779533e-33
n5151	5.389560228876919e-16	0.999999999999996	3.5068408620955197e-15
n58	2.370482759777417e-21	1.0	7.967187916377768e-22
878	0.0	1.0	0.0
n78	7.999200040022092e-155	4.5446900251016603e-156	1.0
145	1.0	0.0	0.0
n261261	0.0022680709864783748	5.042487308836144e-06	0.9977268865262128
236	1.0	0.0	0.0
n263263	0.9999965633729714	2.1776940913134066e-06	1.2589329373371827e-06
147	1.0	0.0	0.0
154	1.0	0.0	0.0
231	1.0	0.0	0.0
234	1.0	0.0	0.0
152	1.0	0.0	0.0
153	1.0	0.0	0.0
232	1.0	0.0	0.0
n266266	1.0	0.0	0.0
889	0.0	1.0	0.0
324	0.0	1.0	0.0
910	0.0	0.0	1.0
766	0.0	1.0	0.0
900	0.0	0.0	1.0
916	0.0	0.0	1.0
n16	1.8916533108863366e-05	0.9996009504538486	0.0003801330130424493
n1616	2.467247611423175e-07	0.9999963976481252	3.3556271135202016e-06
938	0.0	0.0	1.0
433	0.0	0.0	1.0
964	0.0	0.0	1.0
764	0.0	1.0	0.0
865	0.0	1.0	0.0
830	0.0	1.0	0.0
n1818	1.897780622342616e-15	0.9999999999998426	1.5555494871753094e-13
429	0.0	1.0	0.0
782	0.0	1.0	0.0
427	0.0	1.0	0.0
831	0.0	1.0	0.0
320	0.0	1.0	0.0
n21	0.0002894291230744616	0.9997076787676485	2.892109277092105e-06
263	1.0	0.0	0.0
340	1.0	0.0	0.0
326	1.0	0.0	0.0
373	1.0	0.0	0.0
262	1.0	0.0	0.0
n24	0.999999998844187	7.323999667166315e-10	4.2341288932990847e-10
283	1.0	0.0	0.0
n25	1.0	2.556394052197368e-18	1.47786737619365e-18
1032	0.0	0.0	1.0
15	0.0	0.0	1.0
n2727	1.5714986920788986e-06	9.821699873884023e-07	0.9999974463313205
805	0.0	1.0	0.0
734	0.0	1.0	0.0
n2828	0.0	1.0	0.0
715	0.0	1.0	0.0
n29	2.906059529001745e-07	0.9999996043954431	1.0499860393444593e-07
815	0.0	1.0	0.0
n3030	3.554648538193742e-15	0.9999999999999928	3.7406025410415595e-15
759	0.0	1.0	0.0
828	0.0	1.0	0.0
852	0.0	1.0	0.0
n35	2.279511320471829e-06	0.9999968956790453	8.248096343022888e-07
n3535	1.1145688779364605e-06	0.9999984751128802	4.1031824191183574e-07
875	0.0	1.0	0.0
868	0.0	1.0	0.0
779	0.0	1.0	0.0
n41	6.192900428981491e-06	0.9999915695510802	2.2375484908503475e-06
876	0.0	1.0	0.0
n4141	6.563820486102328e-06	0.9999910646143981	2.3715651157831256e-06
891	0.0	1.0	0.0
n42	1.6242487078448597e-05	0.9999778889618498	5.868551071798212e-06
n43	1.3483837707325815e-10	0.9999999998164434	4.8718271929102994e-11
845	0.0	1.0	0.0
n4444	6.968461355507335e-08	0.9999999051377328	2.517765361864339e-08
849	0.0	1.0	0.0
n4747	6.84953551181197e-35	1.0	3.347458868779533e-33
730	0.0	1.0	0.0
718	0.0	1.0	0.0
n52	5.001009846303276e-05	0.999931920820397	1.8069081140108724e-05
874	0.0	1.0	0.0
890	0.0	1.0	0.0
755	0.0	1.0	0.0
n5252	6.39282360379914e-08	0.9999999129739393	2.3097824665153698e-08
848	0.0	1.0	0.0
n5555	0.00921587545809721	0.990583748695146	0.00020037584675669802
n56	6.882832022527665e-13	0.9999999999990629	2.486826743257151e-13
n5858	0.9999708892560799	2.9110743920153934e-05	1.3067880548643322e-19
n73	2.5984400315031843e-05	0.9999646272110976	9.388388587431717e-06
316	0.02104292479384703	0.9713540844661107	0.007602990740042224
879	0.0	1.0	0.0
n7373	2.370482759777417e-21	1.0	7.967187916377768e-22
843	0.0	1.0	0.0
867	0.0	1.0	0.0
789	0.0	1.0	0.0
827	0.0	1.0	0.0
n74	1.2321022218021948e-07	0.9999998322728588	4.451691898783313e-08
842	0.0	1.0	0.0
837	0.0	1.0	0.0
n75	1.8487959624766754e-08	0.9999999748321805	6.679859725130848e-09
n76	0.0	1.0	0.0
n7676	1.3406582394283263e-06	0.9999981749503425	4.843914180083617e-07
1013	0.0	0.0	1.0
970	0.0	0.0	1.0
954	0.0	0.0	1.0
955	0.0	0.0	1.0
1000	0.0	0.0	1.0
931	0.0	0.0	1.0
912	0.0	0.0	1.0
922	0.0	0.0	1.0
927	0.0	0.0	1.0
1038	0.0	0.0	1.0
998	0.0	0.0	1.0
991	0.0	0.0	1.0
967	0.0	0.0	1.0
1002	0.0	0.0	1.0
62	0.0	0.0	1.0
1001	0.0	0.0	1.0
972	0.0	0.0	1.0
984	0.0	0.0	1.0
923	0.0	0.0	1.0
475	1.0	0.0	0.0
976	0.0	0.0	1.0
946	0.0	0.0	1.0
904	0.0	0.0	1.0
1006	0.0	0.0	1.0
1048	0.0	0.0	1.0
953	0.0	0.0	1.0
906	0.0	0.0	1.0
907	0.0	0.0	1.0
n7878	0.0	0.0	1.0
924	0.0	0.0	1.0
928	0.0	0.0	1.0
1015	0.0	0.0	1.0
932	0.0	0.0	1.0
940	0.0	0.0	1.0
969	0.0	0.0	1.0
905	0.0	0.0	1.0
978	0.0	0.0	1.0
908	0.0	0.0	1.0
999	0.0	0.0	1.0
997	0.0	0.0	1.0
n80	0.0	0.0	1.0
n8080	2.055301633347103e-05	1.2845416858944085e-05	0.9999666015668076
903	0.0	0.0	1.0
935	0.0	0.0	1.0
n81	4.485676788540106e-07	2.8035003382667097e-07	0.9999992710822874
943	0.0	0.0	1.0
n8181	3.928209323095567e-09	6.9872575851037e-11	0.999999996001918
n83	0.0	0.0	1.0
986	0.0	0.0	1.0
1018	0.0	0.0	1.0
988	0.0	0.0	1.0
694	0.0	0.0	1.0
n8383	7.999200040022092e-155	4.5446900251016603e-156	1.0
951	0.0	0.0	1.0
985	0.0	0.0	1.0
n8585	0.0	0.0	1.0
987	0.0	0.0	1.0
n86	2.2221328135589686e-17	1.3888094011592036e-17	1.0
n89	7.999200040022092e-155	4.5446900251016603e-156	1.0
n107107	1.8621686533877862e-48	1.1638356252103931e-48	1.0
902	0.0	0.0	1.0
n133133	7.999200040022093e-155	4.5446900251016603e-156	1.0
n135135	0.0	0.0	1.0
n262	1.2538130973750248e-05	1.5848728433839578e-06	0.9999858769961828
1429	0.0	0.0	1.0
1221	0.0	0.0	1.0
179	1.0	0.0	0.0
n264	1.0	0.0	0.0
n264264	0.9999864438794608	8.590133102406688e-06	4.9659874368340955e-06
165	1.0	0.0	0.0
157	1.0	0.0	0.0
155	1.0	0.0	0.0
n267	0.9999999999999859	9.014552508739752e-15	5.211345851502674e-15
719	0.0	1.0	0.0
10	0.0	1.0	0.0
817	0.0	1.0	0.0
816	0.0	1.0	0.0
818	0.0	1.0	0.0
n19	1.897780622342616e-15	0.9999999999998426	1.5555494871753094e-13
785	0.0	1.0	0.0
n2121	1.5190263303884654e-07	0.9999998023357645	4.576160252846798e-08
n2222	2.243992508334559e-05	0.9999727402212454	4.8198536713391355e-06
n23	0.9999999999999186	8.051277348596604e-14	8.128763620268483e-16
267	1.0	0.0	0.0
264	1.0	0.0	0.0
321	1.0	0.0	0.0
n2424	0.9999736013557199	1.6728079942188306e-05	9.670564337968441e-06
265	1.0	0.0	0.0
338	1.0	0.0	0.0
282	1.0	0.0	0.0
348	1.0	0.0	0.0
354	1.0	0.0	0.0
272	1.0	0.0	0.0
277	1.0	0.0	0.0
n2525	0.9999949818709818	3.1798475136540423e-06	1.8382815045589853e-06
273	1.0	0.0	0.0
284	1.0	0.0	0.0
489	1.0	0.0	0.0
281	1.0	0.0	0.0
1063	0.0	0.0	1.0
1033	0.0	0.0	1.0
783	0.0	1.0	0.0
742	0.0	1.0	0.0
784	0.0	1.0	0.0
780	0.0	1.0	0.0
773	0.0	1.0	0.0
896	0.0	1.0	0.0
n2929	6.599858439435262e-07	0.9999991015555617	2.384585942993852e-07
309	0.0	1.0	0.0
306	0.0	1.0	0.0
304	0.0	1.0	0.0
310	0.0	1.0	0.0
307	0.0	1.0	0.0
n31	0.0	1.0	0.0
305	0.0	1.0	0.0
n3131	0.9999998140402825	1.8330853091825032e-07	2.651186655277868e-09
790	0.0	1.0	0.0
855	0.0	1.0	0.0
n36	1.007968461034666e-07	0.9999998627810358	3.642211816938372e-08
n37	4.6625937309675075e-11	0.9999999999365266	1.6847399962284135e-11
844	0.0	1.0	0.0
832	0.0	1.0	0.0
823	0.0	1.0	0.0
721	0.0	1.0	0.0
741	0.0	1.0	0.0
n4242	0.0	1.0	0.0
745	0.0	1.0	0.0
748	0.0	1.0	0.0
n4343	0.0	1.0	0.0
749	0.0	1.0	0.0
854	0.0	1.0	0.0
n45	1.41244619217936e-07	0.999999807722478	5.103290262714626e-08
754	0.0	1.0	0.0
877	0.0	1.0	0.0
781	0.0	1.0	0.0
885	0.0	1.0	0.0
794	0.0	1.0	0.0
n48	0.0	1.0	0.0
n4848	1.6308487396058354e-06	0.9999977799115046	5.892397557424277e-07
744	0.0	1.0	0.0
871	0.0	1.0	0.0
n49	7.289078069160634e-06	0.9999900773149771	2.6336069537005447e-06
802	0.0	1.0	0.0
772	0.0	1.0	0.0
814	0.0	1.0	0.0
n53	1.7433807058308728e-13	0.9999999999998128	1.2739348047353987e-14
776	0.0	1.0	0.0
279	1.0	0.0	0.0
838	0.0	1.0	0.0
717	0.0	1.0	0.0
n5656	2.1461555500191785e-11	0.999999999970784	7.75424563521569e-12
801	0.0	1.0	0.0
714	0.0	1.0	0.0
n5757	6.882832022527665e-13	0.9999999999990629	2.486826743257151e-13
839	0.0	1.0	0.0
n59	3.1008007429793826e-05	0.999968199504564	7.924880064237375e-07
n5959	0.9999708892560799	2.9110743920153934e-05	1.3067880548643322e-19
722	0.0	1.0	0.0
728	0.0	1.0	0.0
791	0.0	1.0	0.0
792	0.0	1.0	0.0
833	0.0	1.0	0.0
n7474	2.326550182983839e-06	0.9999968328471122	8.406027047457715e-07
884	0.0	1.0	0.0
756	0.0	1.0	0.0
880	0.0	1.0	0.0
n7575	2.4688772536049063e-05	0.9999663909603997	8.920267064275965e-06
810	0.0	1.0	0.0
825	0.0	1.0	0.0
788	0.0	1.0	0.0
847	0.0	1.0	0.0
841	0.0	1.0	0.0
836	0.0	1.0	0.0
n7777	2.889691103115994e-07	0.9999996066238508	1.0440703901102873e-07
n79	0.0	0.0	1.0
1073	0.0	0.0	1.0
934	0.0	0.0	1.0
909	0.0	0.0	1.0
56	0.0	0.0	1.0
42	0.0	0.0	1.0
1034	0.0	0.0	1.0
992	0.0	0.0	1.0
517	1.0	0.0	0.0
1070	0.0	0.0	1.0
1069	0.0	0.0	1.0
n82	1.2857478537544373e-12	8.035730216522951e-13	0.9999999999979108
1021	0.0	0.0	1.0
961	0.0	0.0	1.0
962	0.0	0.0	1.0
n84	2.0898437550728125e-28	1.2576061280252568e-30	1.0
1025	0.0	0.0	1.0
1031	0.0	0.0	1.0
952	0.0	0.0	1.0
957	0.0	0.0	1.0
958	0.0	0.0	1.0
949	0.0	0.0	1.0
n8686	0.0	0.0	1.0
n87	0.0	0.0	1.0
974	0.0	0.0	1.0
1022	0.0	0.0	1.0
1016	0.0	0.0	1.0
1024	0.0	0.0	1.0
1008	0.0	0.0	1.0
993	0.0	0.0	1.0
n8989	9.637159019368568e-08	6.023122004633548e-08	0.9999998433971898
651	0.0	0.0	1.0
n108	1.8621686533877862e-48	1.1638356252103931e-48	1.0
995	0.0	0.0	1.0
n134	1.1517651298108495e-08	7.198409701023978e-09	0.999999981283939
1026	0.0	0.0	1.0
7	0.0	0.0	1.0
1351	0.0	0.0	1.0
1004	0.0	0.0	1.0
1030	0.0	0.0	1.0
516	1.0	0.0	0.0
973	0.0	0.0	1.0
1036	0.0	0.0	1.0
960	0.0	0.0	1.0
980	0.0	0.0	1.0
518	1.0	0.0	0.0
1047	0.0	0.0	1.0
559	0.0	0.0	1.0
1039	0.0	0.0	1.0
1067	0.0	0.0	1.0
512	1.0	0.0	0.0
1017	0.0	0.0	1.0
519	1.0	0.0	0.0
1005	0.0	0.0	1.0
975	0.0	0.0	1.0
523	1.0	0.0	0.0
982	0.0	0.0	1.0
n136	0.0	0.0	1.0
983	0.0	0.0	1.0
971	0.0	0.0	1.0
1081	0.0	0.0	1.0
n136136	1.642746491430283e-07	1.0266991050664e-07	0.9999997330554403
n137	0.9995623855705492	1.8097746561899787e-05	0.0004195166828888789
522	1.0	0.0	0.0
979	0.0	0.0	1.0
929	0.0	0.0	1.0
994	0.0	0.0	1.0
1037	0.0	0.0	1.0
n137137	2.2004686255207916e-09	1.3752695137895946e-09	0.9999999964242617
n138138	2.443627566206582e-08	1.5272412684658943e-08	0.9999999602913116
14	0.0	0.0	1.0
n139	0.0	0.0	1.0
n141	1.3927183808493155e-14	8.70434192181747e-15	0.9999999999999774
16	0.0	0.0	1.0
526	1.0	0.0	0.0
n149	0.9451649940906736	0.0011002267190388635	0.05373477919028748
n149149	3.337337410315393e-27	2.035801114010366e-27	1.0
n158158	0.9984661830568557	6.081436366083234e-05	0.0014730025794833935
527	1.0	0.0	0.0
n159	2.9984810745644167e-62	1.8740188165816422e-62	1.0
965	0.0	0.0	1.0
n177177	1.275032372987226e-20	5.129145635225725e-22	1.0
n193	0.999477715571588	1.5735409725463936e-05	0.0005065490186866247
511	1.0	0.0	0.0
524	1.0	0.0	0.0
513	1.0	0.0	0.0
n210	0.0	0.0	1.0
1500	0.0	0.0	1.0
1503	0.0	0.0	1.0
163	1.0	0.0	0.0
168	1.0	0.0	0.0
n265	1.0	0.0	0.0
161	1.0	0.0	0.0
247	1.0	0.0	0.0
n267267	1.0	0.0	0.0
172	1.0	0.0	0.0
n268268	1.0	0.0	0.0
177	1.0	0.0	0.0
237	1.0	0.0	0.0
834	0.0	1.0	0.0
774	0.0	1.0	0.0
883	0.0	1.0	0.0
729	0.0	1.0	0.0
881	0.0	1.0	0.0
862	0.0	1.0	0.0
n1919	1.60855558842789e-07	0.9999997810259363	5.81185047537849e-08
758	0.0	1.0	0.0
895	0.0	1.0	0.0
n20	4.012558082286273e-05	0.9999453766997543	1.4497719422960266e-05
813	0.0	1.0	0.0
812	0.0	1.0	0.0
858	0.0	1.0	0.0
731	0.0	1.0	0.0
314	1.0	0.0	0.0
266	1.0	0.0	0.0
311	1.0	0.0	0.0
274	1.0	0.0	0.0
268	1.0	0.0	0.0
313	1.0	0.0	0.0
312	1.0	0.0	0.0
269	1.0	0.0	0.0
335	1.0	0.0	0.0
n26	0.9999957029409678	2.7229257019804527e-06	1.5741333302133747e-06
n2626	0.9999695121956653	1.9319265897434166e-05	1.1168538437272442e-05
897	0.0	1.0	0.0
898	0.0	1.0	0.0
438	0.0	1.0	0.0
303	0.0	1.0	0.0
357	1.0	0.0	0.0
n32	0.9999999999557647	2.8033197103900424e-11	1.6202186500806467e-11
n3333	0.9999999165384948	5.288781937356587e-08	3.057368573745664e-08
280	1.0	0.0	0.0
287	1.0	0.0	0.0
276	1.0	0.0	0.0
809	0.0	1.0	0.0
n3636	3.4932584356020903e-06	0.9999952445969874	1.262144577017112e-06
840	0.0	1.0	0.0
853	0.0	1.0	0.0
n3737	4.6625937309675075e-11	0.9999999999365266	1.6847399962284135e-11
736	0.0	1.0	0.0
737	0.0	1.0	0.0
740	0.0	1.0	0.0
724	0.0	1.0	0.0
747	0.0	1.0	0.0
763	0.0	1.0	0.0
866	0.0	1.0	0.0
n4545	8.507910866611498e-11	0.9999999998841812	3.073981785786068e-11
716	0.0	1.0	0.0
872	0.0	1.0	0.0
892	0.0	1.0	0.0
824	0.0	1.0	0.0
888	0.0	1.0	0.0
733	0.0	1.0	0.0
n4949	0.0	1.0	0.0
820	0.0	1.0	0.0
787	0.0	1.0	0.0
n5353	0.0	1.0	0.0
n54	9.94596335969277e-07	0.9999989593585591	4.6045105009114104e-08
821	0.0	1.0	0.0
829	0.0	1.0	0.0
846	0.0	1.0	0.0
n57	3.0954497592869725e-06	0.9999957861374683	1.118412772306554e-06
826	0.0	1.0	0.0
798	0.0	1.0	0.0
85	0.0	1.0	0.0
743	0.0	1.0	0.0
761	0.0	1.0	0.0
725	0.0	1.0	0.0
760	0.0	1.0	0.0
n60	0.9999708892560798	2.9110743920153937e-05	1.3067880548643322e-19
533	1.0	0.0	0.0
327	1.0	0.0	0.0
n6060	0.9999708892560799	2.9110743920153934e-05	1.3067880548643322e-19
n61	0.9999999876247976	7.885557426593223e-09	4.489645038894073e-09
535	1.0	0.0	0.0
525	1.0	0.0	0.0
n6161	0.9999935155294837	4.166360967265054e-06	2.318109549082008e-06
n62	0.9999997933385473	1.580015631468626e-07	4.865988957849817e-08
n64	0.9999999999999968	2.0863169183503247e-15	1.0756994383293466e-15
n68	0.9999906115463661	6.000765607709643e-06	3.387688026011656e-06
329	1.0	0.0	0.0
318	0.0	1.0	0.0
n6868	0.03159199332423561	0.9684080060800653	5.956990155623669e-10
887	0.0	1.0	0.0
757	0.0	1.0	0.0
767	0.0	1.0	0.0
768	0.0	1.0	0.0
750	0.0	1.0	0.0
739	0.0	1.0	0.0
3	0.0	0.0	1.0
1087	0.0	0.0	1.0
n7979	0.0	0.0	1.0
25	0.0	0.0	1.0
9	0.0	0.0	1.0
1091	0.0	0.0	1.0
n8282	2.130048347725135e-12	1.3312575882920474e-12	0.9999999999965388
1103	0.0	0.0	1.0
1105	0.0	0.0	1.0
1104	0.0	0.0	1.0
n8484	0.9916054352161097	5.009853893342859e-05	0.008344466244956928
47	0.0	0.0	1.0
20	0.0	0.0	1.0
1088	0.0	0.0	1.0
1098	0.0	0.0	1.0
22	0.0	0.0	1.0
23	0.0	0.0	1.0
n85	0.0	0.0	1.0
1102	0.0	0.0	1.0
1010	0.0	0.0	1.0
1042	0.0	0.0	1.0
1011	0.0	0.0	1.0
1041	0.0	0.0	1.0
n8787	0.0	0.0	1.0
1060	0.0	0.0	1.0
1061	0.0	0.0	1.0
1053	0.0	0.0	1.0
1054	0.0	0.0	1.0
1055	0.0	0.0	1.0
1057	0.0	0.0	1.0
19	0.0	0.0	1.0
536	0.0	0.0	1.0
1050	0.0	0.0	1.0
1007	0.0	0.0	1.0
1056	0.0	0.0	1.0
n8888	0.0	0.0	1.0
1083	0.0	0.0	1.0
1	0.0	0.0	1.0
n90	1.0552481114209378e-05	6.595188589784093e-06	0.9999828523302959
589	0.0	0.0	1.0
n91	3.20489829817856e-17	2.0030273884218494e-17	1.0
545	0.0	0.0	1.0
8	0.0	0.0	1.0
1353	0.0	0.0	1.0
n108108	1.0236830744089791e-06	6.397910461840265e-07	0.9999983365258794
1405	0.0	0.0	1.0
588	0.0	0.0	1.0
61	0.0	0.0	1.0
n109	3.07099991306851e-05	1.9193423202269196e-05	0.9999500965776671
n109109	5.148235517560645e-06	3.217592505066622e-06	0.9999916341719773
n110	1.8621686533877862e-48	1.1638356252103931e-48	1.0
n112	0.0	0.0	1.0
604	0.0	0.0	1.0
n112112	1.8621686533877862e-48	1.1638356252103931e-48	1.0
650	0.0	0.0	1.0
n115115	1.749173046746673e-05	1.0932145714932989e-05	0.9999715761238176
554	0.0	0.0	1.0
n116	1.3887185020805987e-07	8.679343104448881e-08	0.9999997743347188
546	0.0	0.0	1.0
n116116	5.7800882619641865e-06	3.6124937576926703e-06	0.9999906074179803
672	0.0	0.0	1.0
n118	2.474310842290336e-09	1.5464179900477294e-09	0.9999999959792711
n118118	0.0	0.0	1.0
n129	7.438929469913148e-12	4.649251889597495e-12	0.9999999999879119
n129129	2.1985016940301992e-05	1.3740402025041025e-05	0.9999642745810347
n134134	4.742821643191074e-09	2.964213140588822e-09	0.9999999922929652
5	0.0	0.0	1.0
n135	9.992700140401017e-07	6.245331428109776e-07	0.9999983761968432
439	0.0	0.0	1.0
963	0.0	0.0	1.0
1028	0.0	0.0	1.0
1003	0.0	0.0	1.0
468	1.0	0.0	0.0
530	1.0	0.0	0.0
n138	0.0	0.0	1.0
990	0.0	0.0	1.0
1045	0.0	0.0	1.0
1014	0.0	0.0	1.0
981	0.0	0.0	1.0
1035	0.0	0.0	1.0
n139139	9.778236306384172e-15	6.1112938102528095e-15	0.9999999999999841
1109	0.0	0.0	1.0
599	0.0	0.0	1.0
n141141	1.530911612707282e-06	9.568034939668785e-07	0.9999975122848933
n142	3.5091355256259814e-05	2.1931724234455973e-05	0.9999429769205093
556	0.0	0.0	1.0
n142142	2.6449118485757496e-08	1.653041806558918e-08	0.9999999570204634
n143143	1.7788426858850913e-26	1.1117577807528938e-26	1.0
455	1.0	0.0	0.0
457	1.0	0.0	0.0
1106	0.0	0.0	1.0
4	0.0	0.0	1.0
1099	0.0	0.0	1.0
1084	0.0	0.0	1.0
n150	2.667770217063173e-06	1.6673280440226683e-06	0.999995664901739
656	0.0	0.0	1.0
n151151	2.343963315067881e-06	1.46495217030923e-06	0.9999961910845145
n152152	5.7591770028785325e-06	3.5994244429194824e-06	0.9999906413985542
n153	3.337337410315393e-27	2.035801114010366e-27	1.0
n154154	0.0	0.0	1.0
n155	1.4540751181401296e-07	1.0337449435029311e-12	0.9999998545914545
456	1.0	0.0	0.0
448	1.0	0.0	0.0
593	0.0	0.0	1.0
601	0.0	0.0	1.0
1123	0.0	0.0	1.0
n159159	2.998481074564613e-62	1.8740188165815195e-62	1.0
647	0.0	0.0	1.0
n160	2.241785591042153e-07	1.4010921783006036e-07	0.999999635712223
569	0.0	0.0	1.0
69	0.0	0.0	1.0
1166	0.0	0.0	1.0
1295	0.0	0.0	1.0
565	0.0	0.0	1.0
n160160	2.5097171843695884e-08	1.5685465777002246e-08	0.9999999592173623
34	0.0	0.0	1.0
1052	0.0	0.0	1.0
548	0.0	0.0	1.0
n161	7.96622928566011e-09	4.97880867255414e-09	0.9999999870549621
1071	0.0	0.0	1.0
600	0.0	0.0	1.0
547	0.0	0.0	1.0
1124	0.0	0.0	1.0
n163	2.9984810745646128e-62	1.8740188165815193e-62	1.0
n165165	3.0862113160860356e-14	1.928849285511198e-14	0.9999999999999499
700	0.0	0.0	1.0
1122	0.0	0.0	1.0
n171171	2.9984810745646128e-62	1.8740188165815193e-62	1.0
1230	0.0	0.0	1.0
n177	1.4292751943365194e-05	8.932818122419262e-06	0.9999767744299342
1604	0.0	0.0	1.0
n178	6.110719086269234e-08	3.819134510354272e-08	0.999999900701464
50	0.0	0.0	1.0
n179179	0.0	0.0	1.0
488	1.0	0.0	0.0
n180	1.2750323729872262e-20	5.129145635225725e-22	1.0
n180180	3.191923826987408e-06	1.9949184817645186e-06	0.9999948131576912
n181	1.1870255407028614e-05	7.418783523131991e-06	0.9999807109610698
n182	1.634853115266374e-31	1.021765828820969e-31	1.0
n192	8.599156455215427e-07	5.374381429485658e-07	0.9999986026462115
1080	0.0	0.0	1.0
n193193	0.9999959987982783	8.659788347801434e-07	3.1352228870346515e-06
446	1.0	0.0	0.0
470	1.0	0.0	0.0
582	0.0	0.0	1.0
1167	0.0	0.0	1.0
n210210	0.0	0.0	1.0
n211	7.579371449018219e-06	4.7370266345220065e-06	0.9999876836019165
1143	0.0	0.0	1.0
n211211	1.679611053088709e-05	1.0497390644641626e-05	0.9999727064988244
n212212	1.3150532080330522e-05	8.21894284264574e-06	0.999978630525077
n213	5.07676147538862e-56	3.172921988029264e-56	1.0
n221221	1.9979465310504708e-06	1.2486953562835181e-06	0.9999967533581126
n222	0.9933737336957397	0.00023665120725218438	0.006389615097008237
n222222	1.2506758105410434e-06	7.816590947594659e-07	0.9999979676650947
n227227	4.811169894326938e-23	3.0069300714361056e-23	1.0
n251251	2.012436407873614e-08	1.2577513753615992e-08	0.9999999672981222
212	1.0	0.0	0.0
211	1.0	0.0	0.0
n265265	1.0	0.0	0.0
240	1.0	0.0	0.0
244	1.0	0.0	0.0
228	1.0	0.0	0.0
246	1.0	0.0	0.0
248	1.0	0.0	0.0
n268	1.0	0.0	0.0
241	1.0	0.0	0.0
229	1.0	0.0	0.0
245	1.0	0.0	0.0
230	1.0	0.0	0.0
242	1.0	0.0	0.0
182	1.0	0.0	0.0
239	1.0	0.0	0.0
811	0.0	1.0	0.0
777	0.0	1.0	0.0
751	0.0	1.0	0.0
882	0.0	1.0	0.0
359	1.0	0.0	0.0
362	1.0	0.0	0.0
347	1.0	0.0	0.0
346	1.0	0.0	0.0
350	1.0	0.0	0.0
351	1.0	0.0	0.0
353	1.0	0.0	0.0
n3232	0.999990291435645	6.152044738888148e-06	3.5565196160162886e-06
352	1.0	0.0	0.0
297	1.0	0.0	0.0
n34	1.0	0.0	0.0
300	1.0	0.0	0.0
799	0.0	1.0	0.0
807	0.0	1.0	0.0
n38	4.769346436527861e-07	0.9999993507447442	1.7232061202646954e-07
n3838	4.6625937309675075e-11	0.9999999999365266	1.6847399962284135e-11
n3939	4.994927727080263e-09	0.9999999932003617	1.8047105917357293e-09
746	0.0	1.0	0.0
n46	8.507910866611498e-11	0.9999999998841812	3.073981785786068e-11
786	0.0	1.0	0.0
720	0.0	1.0	0.0
775	0.0	1.0	0.0
n50	0.0	1.0	0.0
778	0.0	1.0	0.0
822	0.0	1.0	0.0
301	1.0	0.0	0.0
869	0.0	1.0	0.0
n5454	1.4581561429661919e-06	0.9999980165389845	5.253048725123809e-07
796	0.0	1.0	0.0
850	0.0	1.0	0.0
857	0.0	1.0	0.0
732	0.0	1.0	0.0
804	0.0	1.0	0.0
270	1.0	0.0	0.0
328	1.0	0.0	0.0
333	1.0	0.0	0.0
534	1.0	0.0	0.0
330	1.0	0.0	0.0
451	1.0	0.0	0.0
464	1.0	0.0	0.0
495	1.0	0.0	0.0
n6262	0.9999997933385473	1.580015631468626e-07	4.865988957849817e-08
337	1.0	0.0	0.0
336	1.0	0.0	0.0
494	1.0	0.0	0.0
n6464	0.9999888769807275	7.048345120135395e-06	4.074674152282749e-06
497	1.0	0.0	0.0
496	1.0	0.0	0.0
343	1.0	0.0	0.0
n65	0.9999433665763122	3.5887011045283466e-05	2.0746412642480167e-05
n6565	0.9999999605473099	2.5000062405036592e-08	1.4452627723378016e-08
332	1.0	0.0	0.0
331	1.0	0.0	0.0
322	0.0	1.0	0.0
800	0.0	1.0	0.0
n69	0.024132853097247282	0.9758382761859133	2.8870716839431116e-05
323	0.0	1.0	0.0
n70	0.9904464925633226	0.009457960956628103	9.55464800493626e-05
325	1.0	0.0	0.0
n7070	0.9999839988169744	1.5719001510222228e-05	2.8218151539942923e-07
1023	0.0	0.0	1.0
1082	0.0	0.0	1.0
17	0.0	0.0	1.0
1092	0.0	0.0	1.0
1090	0.0	0.0	1.0
466	1.0	0.0	0.0
474	1.0	0.0	0.0
1101	0.0	0.0	1.0
1097	0.0	0.0	1.0
1019	0.0	0.0	1.0
1027	0.0	0.0	1.0
1049	0.0	0.0	1.0
1020	0.0	0.0	1.0
45	0.0	0.0	1.0
n9090	2.449991237626495e-06	1.5312184954974812e-06	0.9999960187902668
n9191	2.383208700221137e-08	1.4894801190980608e-08	0.9999999612731119
n92	1.4967539867268548e-06	9.354553406101401e-07	0.9999975677906727
1228	0.0	0.0	1.0
675	0.0	0.0	1.0
630	0.0	0.0	1.0
592	0.0	0.0	1.0
1117	0.0	0.0	1.0
591	0.0	0.0	1.0
562	0.0	0.0	1.0
566	0.0	0.0	1.0
1355	0.0	0.0	1.0
1356	0.0	0.0	1.0
1576	0.0	0.0	1.0
1579	0.0	0.0	1.0
n110110	1.280020043478177e-05	7.999989286002819e-06	0.9999791998102792
687	0.0	0.0	1.0
n111	7.960953725488325e-10	4.975511503492846e-10	0.9999999987063535
18	0.0	0.0	1.0
1096	0.0	0.0	1.0
1142	0.0	0.0	1.0
n113	4.8041900292963705e-08	3.002567729944128e-08	0.9999999219324224
627	0.0	0.0	1.0
1180	0.0	0.0	1.0
580	0.0	0.0	1.0
539	0.0	0.0	1.0
n117	0.0	0.0	1.0
n117117	1.7895807592306422e-06	1.1184689625155867e-06	0.9999970919502782
1126	0.0	0.0	1.0
33	0.0	0.0	1.0
1125	0.0	0.0	1.0
n119	0.0	0.0	1.0
1078	0.0	0.0	1.0
41	0.0	0.0	1.0
n119119	0.0	0.0	1.0
543	0.0	0.0	1.0
n120	2.2623339715091334e-07	1.4139346977922408e-07	0.999999632373133
n120120	1.0690498756719144e-06	6.681448150092012e-07	0.9999982628053092
1118	0.0	0.0	1.0
n121	2.093948618823318e-14	1.3086956412423196e-14	0.999999999999966
1303	0.0	0.0	1.0
1444	0.0	0.0	1.0
1302	0.0	0.0	1.0
1489	0.0	0.0	1.0
n130	4.897029749690802e-06	3.0605915688875227e-06	0.9999920423786814
1119	0.0	0.0	1.0
1120	0.0	0.0	1.0
38	0.0	0.0	1.0
21	0.0	0.0	1.0
1107	0.0	0.0	1.0
1043	0.0	0.0	1.0
1046	0.0	0.0	1.0
n140	5.3413591302767245e-08	3.3382927113231293e-08	0.9999999132034816
1012	0.0	0.0	1.0
1072	0.0	0.0	1.0
1009	0.0	0.0	1.0
1029	0.0	0.0	1.0
652	0.0	0.0	1.0
653	0.0	0.0	1.0
1401	0.0	0.0	1.0
1402	0.0	0.0	1.0
n143	2.9747776241272937e-07	1.8592044118772428e-07	0.9999995166017964
1112	0.0	0.0	1.0
1113	0.0	0.0	1.0
567	0.0	0.0	1.0
12	0.0	0.0	1.0
1062	0.0	0.0	1.0
n144	1.7788426858850913e-26	1.1117577807528938e-26	1.0
n147147	4.411446570174252e-10	2.7571072403890515e-10	0.9999999992831446
n148148	0.0	0.0	1.0
1059	0.0	0.0	1.0
702	0.0	0.0	1.0
30	0.0	0.0	1.0
n150150	1.0285772876840433e-06	6.428498774861938e-07	0.9999983285728348
541	0.0	0.0	1.0
n152	1.1180855870963192e-10	6.987916137078227e-11	0.9999999998183123
703	0.0	0.0	1.0
617	0.0	0.0	1.0
1058	0.0	0.0	1.0
n153153	4.031433835065638e-07	2.5196033180947775e-07	0.9999993448962847
n154	5.007905921695885e-07	3.129887998473376e-07	0.999999186220608
1066	0.0	0.0	1.0
626	0.0	0.0	1.0
531	1.0	0.0	0.0
1074	0.0	0.0	1.0
529	1.0	0.0	0.0
1044	0.0	0.0	1.0
n155155	0.9999998609040356	4.066612801390295e-09	1.350293515411313e-07
n156156	8.624723155080609e-08	5.389658987909464e-08	0.9999998598561786
n157	3.274331022628479e-06	4.851647338598295e-08	0.9999966771525041
572	0.0	0.0	1.0
605	0.0	0.0	1.0
668	0.0	0.0	1.0
669	0.0	0.0	1.0
713	0.0	0.0	1.0
704	0.0	0.0	1.0
48	0.0	0.0	1.0
n161161	2.393801213093418e-08	1.4961003271113533e-08	0.9999999611009845
n162162	8.944983339848355e-09	5.590519558413506e-09	0.9999999854644971
n163163	2.9984810745646128e-62	1.8740188165815193e-62	1.0
561	0.0	0.0	1.0
1110	0.0	0.0	1.0
n166	1.1697210526594872e-12	7.310632311241129e-13	0.9999999999980992
28	0.0	0.0	1.0
2	0.0	0.0	1.0
n166166	2.5194806067573607e-09	1.5746486129687237e-09	0.9999999959058707
n172	2.9984810745646128e-62	1.8740188165815193e-62	1.0
575	0.0	0.0	1.0
83	0.0	0.0	1.0
1234	0.0	0.0	1.0
43	0.0	0.0	1.0
n178178	6.110719086269234e-08	3.819134510354272e-08	0.999999900701464
1420	0.0	0.0	1.0
1408	0.0	0.0	1.0
1293	0.0	0.0	1.0
661	0.0	0.0	1.0
40	0.0	0.0	1.0
1182	0.0	0.0	1.0
1233	0.0	0.0	1.0
1406	0.0	0.0	1.0
n181181	9.56944106872913e-07	5.980799004900395e-07	0.9999984449759927
560	0.0	0.0	1.0
44	0.0	0.0	1.0
26	0.0	0.0	1.0
557	0.0	0.0	1.0
553	0.0	0.0	1.0
558	0.0	0.0	1.0
555	0.0	0.0	1.0
n182182	1.634853115266374e-31	1.021765828820969e-31	1.0
1447	0.0	0.0	1.0
634	0.0	0.0	1.0
n192192	1.827859383419724e-07	1.1423926959724059e-07	0.999999702974792
1409	0.0	0.0	1.0
1178	0.0	0.0	1.0
506	1.0	0.0	0.0
n194	0.9999934464351248	2.684524607110228e-10	6.55329642271227e-06
74	0.0	0.0	1.0
66	0.0	0.0	1.0
67	0.0	0.0	1.0
585	0.0	0.0	1.0
53	0.0	0.0	1.0
n212	1.4187148794069555e-12	8.866817276007699e-13	0.9999999999976946
705	0.0	0.0	1.0
670	0.0	0.0	1.0
662	0.0	0.0	1.0
671	0.0	0.0	1.0
n213213	5.07676147538862e-56	3.172921988029264e-56	1.0
1100	0.0	0.0	1.0
1086	0.0	0.0	1.0
462	1.0	0.0	0.0
460	1.0	0.0	0.0
135	0.0	0.0	1.0
n223	1.0005861466584533e-13	6.253557117152238e-14	0.9999999999998374
613	0.0	0.0	1.0
n228	3.390348005141094e-06	2.118931485107811e-06	0.9999944907205097
1566	0.0	0.0	1.0
n235	3.9706499686762855e-21	2.4816140473521634e-21	1.0
80	0.0	0.0	1.0
628	0.0	0.0	1.0
590	0.0	0.0	1.0
n248248	5.895267747391552e-07	3.684479712450257e-07	0.999999042025254
689	0.0	0.0	1.0
615	0.0	0.0	1.0
n249	8.343361746270212e-06	5.214512453886073e-06	0.9999864421257998
n249249	1.0276928787040978e-05	6.422971312694406e-06	0.9999833000999002
n250	0.0	0.0	1.0
625	0.0	0.0	1.0
n252	2.012436407873614e-08	1.2577513753615992e-08	0.9999999672981222
176	1.0	0.0	0.0
238	1.0	0.0	0.0
243	1.0	0.0	0.0
187	1.0	0.0	0.0
367	1.0	0.0	0.0
369	1.0	0.0	0.0
298	1.0	0.0	0.0
299	1.0	0.0	0.0
723	0.0	1.0	0.0
769	0.0	1.0	0.0
765	0.0	1.0	0.0
n39	0.0	1.0	0.0
861	0.0	1.0	0.0
893	0.0	1.0	0.0
n40	0.0	1.0	0.0
835	0.0	1.0	0.0
n4646	2.4616455437588964e-07	0.9999996648940629	8.8941382710913e-08
753	0.0	1.0	0.0
n47	0.0	1.0	0.0
894	0.0	1.0	0.0
n5050	0.0	1.0	0.0
808	0.0	1.0	0.0
806	0.0	1.0	0.0
458	1.0	0.0	0.0
n63	1.0	0.0	0.0
341	1.0	0.0	0.0
342	1.0	0.0	0.0
363	1.0	0.0	0.0
358	1.0	0.0	0.0
360	1.0	0.0	0.0
n6666	1.0	0.0	0.0
491	1.0	0.0	0.0
n67	0.9999994766607394	3.3162540071307374e-07	1.917138598486677e-07
365	1.0	0.0	0.0
n6969	0.00019287102858884364	0.999806609346833	5.196245780372097e-07
334	1.0	0.0	0.0
339	1.0	0.0	0.0
345	1.0	0.0	0.0
344	1.0	0.0	0.0
n71	1.0	1.5901962345240893e-22	8.925849425472858e-23
46	0.0	0.0	1.0
71	0.0	0.0	1.0
1349	0.0	0.0	1.0
1344	0.0	0.0	1.0
1343	0.0	0.0	1.0
637	0.0	0.0	1.0
n9292	1.6473809610789993e-05	1.0295955993615432e-05	0.9999732302343957
58	0.0	0.0	1.0
1446	0.0	0.0	1.0
n111111	0.0	0.0	1.0
682	0.0	0.0	1.0
540	0.0	0.0	1.0
579	0.0	0.0	1.0
n113113	0.0	0.0	1.0
n114	4.8041900292963705e-08	3.002567729944128e-08	0.9999999219324224
577	0.0	0.0	1.0
692	0.0	0.0	1.0
697	0.0	0.0	1.0
695	0.0	0.0	1.0
688	0.0	0.0	1.0
1121	0.0	0.0	1.0
32	0.0	0.0	1.0
711	0.0	0.0	1.0
659	0.0	0.0	1.0
1445	0.0	0.0	1.0
1571	0.0	0.0	1.0
1168	0.0	0.0	1.0
685	0.0	0.0	1.0
684	0.0	0.0	1.0
81	0.0	0.0	1.0
n121121	2.093948618823318e-14	1.3086956412423196e-14	0.999999999999966
106	0.0	0.0	1.0
124	0.0	0.0	1.0
73	0.0	0.0	1.0
1319	0.0	0.0	1.0
n130130	5.543948595699501e-23	3.464908974958761e-23	1.0
1040	0.0	0.0	1.0
n140140	2.752003216687195e-10	1.7199727739199427e-10	0.9999999995528024
611	0.0	0.0	1.0
680	0.0	0.0	1.0
678	0.0	0.0	1.0
n144144	1.7788426858850913e-26	1.1117577807528938e-26	1.0
n148	1.6079977645716367e-06	1.0049815199404644e-06	0.9999973870207155
568	0.0	0.0	1.0
31	0.0	0.0	1.0
549	0.0	0.0	1.0
1596	0.0	0.0	1.0
1318	0.0	0.0	1.0
1352	0.0	0.0	1.0
1347	0.0	0.0	1.0
1346	0.0	0.0	1.0
576	0.0	0.0	1.0
n151	3.317580924427708e-12	2.0734528327189807e-12	0.999999999994609
706	0.0	0.0	1.0
679	0.0	0.0	1.0
570	0.0	0.0	1.0
612	0.0	0.0	1.0
623	0.0	0.0	1.0
1111	0.0	0.0	1.0
78	0.0	0.0	1.0
639	0.0	0.0	1.0
n156	0.9999995009857752	3.1604540107600863e-07	1.8296882362750643e-07
447	1.0	0.0	0.0
452	1.0	0.0	0.0
35	0.0	0.0	1.0
586	0.0	0.0	1.0
1068	0.0	0.0	1.0
520	1.0	0.0	0.0
n157157	1.164240764508098e-10	7.188013474830297e-11	0.9999999998116958
n162	2.782771276166378e-10	1.739202484223206e-10	0.9999999995478026
65	0.0	0.0	1.0
1211	0.0	0.0	1.0
1485	0.0	0.0	1.0
1200	0.0	0.0	1.0
n164	1.768658739358666e-08	1.1053929223652669e-08	0.9999999712594834
n164164	3.807928169403102e-06	2.379914651517136e-06	0.9999938121571791
1114	0.0	0.0	1.0
1116	0.0	0.0	1.0
1115	0.0	0.0	1.0
n167	3.073276680133059e-12	1.9207652754545283e-12	0.999999999995006
n168168	1.3253776298501876e-08	8.28346938216525e-09	0.9999999784627543
n169169	6.261303690451403e-15	3.913248288199568e-15	0.9999999999999898
n172172	1.6842621516454248e-08	1.0526459516501448e-08	0.999999972630919
n173173	8.828948524831643e-08	5.51799903174936e-08	0.9999998565305245
36	0.0	0.0	1.0
n179	0.0	0.0	1.0
1492	0.0	0.0	1.0
1568	0.0	0.0	1.0
1488	0.0	0.0	1.0
n183	8.143841531988757e-10	5.089814439606905e-10	0.9999999986766344
n185	4.629680484063496e-08	2.8935011181139962e-08	0.999999924768184
n185185	0.0	0.0	1.0
6	0.0	0.0	1.0
1079	0.0	0.0	1.0
n186	1.8656217114716856e-11	1.1659937498285105e-11	0.9999999999696838
1191	0.0	0.0	1.0
79	0.0	0.0	1.0
n194194	0.9999870985606168	7.5849308489497985e-06	5.316508534300405e-06
159	1.0	0.0	0.0
n195195	0.9999731847878801	1.680771352111223e-05	1.0007498598798046e-05
1369	0.0	0.0	1.0
n202202	0.8735016417667628	4.8025063058222335e-05	0.1264503331701789
n204204	0.9999934464351248	2.684524607110228e-10	6.55329642271227e-06
n205	0.9999189235406784	5.135865811837886e-05	2.9717801203304243e-05
n207207	0.0005164692082405132	1.5117462066495064e-05	0.999468413329693
597	0.0	0.0	1.0
598	0.0	0.0	1.0
603	0.0	0.0	1.0
1051	0.0	0.0	1.0
1075	0.0	0.0	1.0
n214	9.546335728836497e-07	5.966358412932142e-07	0.9999984487305859
n215	4.590597956970101e-14	2.8690749538824196e-14	0.9999999999999254
544	0.0	0.0	1.0
n217217	9.696320214532575e-06	6.0600971230991245e-06	0.9999842435826624
29	0.0	0.0	1.0
n218218	1.4634723249024692e-06	9.146546555449305e-07	0.9999976218730195
n219219	1.3632531238717898e-06	8.520187196014114e-07	0.9999977847281565
37	0.0	0.0	1.0
638	0.0	0.0	1.0
1077	0.0	0.0	1.0
68	0.0	0.0	1.0
1108	0.0	0.0	1.0
578	0.0	0.0	1.0
57	0.0	0.0	1.0
39	0.0	0.0	1.0
1076	0.0	0.0	1.0
655	0.0	0.0	1.0
n220	1.61289724557698e-06	1.0080436435180932e-06	0.9999973790591109
24	0.0	0.0	1.0
n221	0.0	0.0	1.0
542	0.0	0.0	1.0
11	0.0	0.0	1.0
537	0.0	0.0	1.0
581	0.0	0.0	1.0
618	0.0	0.0	1.0
631	0.0	0.0	1.0
674	0.0	0.0	1.0
n223223	0.0	0.0	1.0
707	0.0	0.0	1.0
n228228	3.206964461198704e-06	2.0043187183591034e-06	0.9999947887168205
1419	0.0	0.0	1.0
1599	0.0	0.0	1.0
n235235	7.205540812016876e-12	4.503386457867902e-12	0.9999999999882911
1237	0.0	0.0	1.0
1244	0.0	0.0	1.0
n236236	1.377764444059788e-07	8.610881405547185e-08	0.9999997761147414
1154	0.0	0.0	1.0
1238	0.0	0.0	1.0
1588	0.0	0.0	1.0
94	0.0	0.0	1.0
1546	0.0	0.0	1.0
710	0.0	0.0	1.0
691	0.0	0.0	1.0
632	0.0	0.0	1.0
1140	0.0	0.0	1.0
1360	0.0	0.0	1.0
1370	0.0	0.0	1.0
1490	0.0	0.0	1.0
1491	0.0	0.0	1.0
1443	0.0	0.0	1.0
1361	0.0	0.0	1.0
1371	0.0	0.0	1.0
n250250	0.0	0.0	1.0
1395	0.0	0.0	1.0
1388	0.0	0.0	1.0
1413	0.0	0.0	1.0
1440	0.0	0.0	1.0
n251	4.841753960016312e-07	3.0260447875754377e-07	0.9999992132201253
624	0.0	0.0	1.0
1345	0.0	0.0	1.0
n252252	1.2840305802852016e-06	8.025054714978552e-07	0.9999979134639482
797	0.0	1.0	0.0
859	0.0	1.0	0.0
735	0.0	1.0	0.0
860	0.0	1.0	0.0
762	0.0	1.0	0.0
727	0.0	1.0	0.0
771	0.0	1.0	0.0
770	0.0	1.0	0.0
864	0.0	1.0	0.0
863	0.0	1.0	0.0
793	0.0	1.0	0.0
n51	0.0	1.0	0.0
486	1.0	0.0	0.0
487	1.0	0.0	0.0
528	1.0	0.0	0.0
465	1.0	0.0	0.0
471	1.0	0.0	0.0
501	1.0	0.0	0.0
459	1.0	0.0	0.0
483	1.0	0.0	0.0
n6363	0.9999999890102228	6.963913362667829e-09	4.0258638437768245e-09
504	1.0	0.0	0.0
521	1.0	0.0	0.0
493	1.0	0.0	0.0
532	1.0	0.0	0.0
361	1.0	0.0	0.0
364	1.0	0.0	0.0
n6767	0.999991345543807	5.484085982522985e-06	3.1703702104565786e-06
356	1.0	0.0	0.0
355	1.0	0.0	0.0
795	0.0	1.0	0.0
803	0.0	1.0	0.0
286	1.0	0.0	0.0
n7171	1.0	0.0	0.0
371	1.0	0.0	0.0
n72	0.9999992380380541	4.828338988595951e-07	2.7912804693824817e-07
288	1.0	0.0	0.0
372	1.0	0.0	0.0
290	1.0	0.0	0.0
289	1.0	0.0	0.0
366	1.0	0.0	0.0
370	1.0	0.0	0.0
n7272	0.9999998866760599	7.181020010284768e-08	4.151373992649467e-08
1354	0.0	0.0	1.0
n93	6.595881321961524e-09	4.122355753434569e-09	0.999999989281763
712	0.0	0.0	1.0
709	0.0	0.0	1.0
1575	0.0	0.0	1.0
1574	0.0	0.0	1.0
n114114	0.0	0.0	1.0
673	0.0	0.0	1.0
n115	0.0	0.0	1.0
n122	2.1594576570561564e-18	1.3496380941882128e-18	1.0
n125	9.490392906942674e-07	5.931394743569338e-07	0.999998457821235
n127127	1.7001611315616936e-07	1.0625826451915139e-07	0.9999997237256223
1147	0.0	0.0	1.0
1216	0.0	0.0	1.0
1298	0.0	0.0	1.0
1296	0.0	0.0	1.0
1297	0.0	0.0	1.0
1587	0.0	0.0	1.0
n131	0.0	0.0	1.0
n131131	9.813409844898757e-22	6.133276898150627e-22	1.0
1496	0.0	0.0	1.0
1144	0.0	0.0	1.0
84	0.0	0.0	1.0
1065	0.0	0.0	1.0
1064	0.0	0.0	1.0
550	0.0	0.0	1.0
n145	1.1318720544043128e-09	7.074080093117604e-10	0.9999999981607199
54	0.0	0.0	1.0
587	0.0	0.0	1.0
n147	6.577391896114188e-08	4.1108000587064527e-08	0.9999998931180804
1595	0.0	0.0	1.0
1561	0.0	0.0	1.0
642	0.0	0.0	1.0
643	0.0	0.0	1.0
640	0.0	0.0	1.0
641	0.0	0.0	1.0
502	1.0	0.0	0.0
500	1.0	0.0	0.0
13	0.0	0.0	1.0
1095	0.0	0.0	1.0
n158	9.595680285655172e-09	5.997141015445678e-09	0.9999999844071787
64	0.0	0.0	1.0
70	0.0	0.0	1.0
51	0.0	0.0	1.0
1189	0.0	0.0	1.0
1290	0.0	0.0	1.0
1187	0.0	0.0	1.0
1194	0.0	0.0	1.0
1231	0.0	0.0	1.0
n165	8.133448519465431e-07	5.083318917192275e-07	0.9999986783232563
n167167	9.625258104543389e-08	6.015684059299788e-08	0.9999998435905784
649	0.0	0.0	1.0
635	0.0	0.0	1.0
658	0.0	0.0	1.0
696	0.0	0.0	1.0
693	0.0	0.0	1.0
633	0.0	0.0	1.0
n169	1.8947581892413182e-07	1.1842037388967709e-07	0.9999996921038072
608	0.0	0.0	1.0
n170	6.261303690451403e-15	3.913248288199568e-15	0.9999999999999898
584	0.0	0.0	1.0
614	0.0	0.0	1.0
n173	3.2822519135757515e-08	2.051372576262001e-08	0.999999946663755
594	0.0	0.0	1.0
n174	3.572713064574188e-15	2.232907709858302e-15	0.9999999999999942
690	0.0	0.0	1.0
698	0.0	0.0	1.0
1400	0.0	0.0	1.0
n183183	0.0	0.0	1.0
n184184	0.0	0.0	1.0
55	0.0	0.0	1.0
1603	0.0	0.0	1.0
1176	0.0	0.0	1.0
1232	0.0	0.0	1.0
1300	0.0	0.0	1.0
1185	0.0	0.0	1.0
1320	0.0	0.0	1.0
n186186	6.9701276947632684e-06	4.356255760547264e-06	0.9999886736165446
n187187	7.935743291114574e-06	4.9597552498378275e-06	0.999987104501459
1209	0.0	0.0	1.0
n188	9.199773984745402e-18	5.749761004649881e-18	1.0
151	1.0	0.0	0.0
n195	0.9996678210782227	3.4612747803339662e-06	0.0003287176469968735
148	1.0	0.0	0.0
166	1.0	0.0	0.0
n196	1.0	0.0	0.0
n202	0.9999451577045766	3.475083550886988e-05	2.0091459914497085e-05
n203	0.8735016417667628	4.8025063058222335e-05	0.1264503331701789
n203203	0.32539533793506425	0.00010660798828998886	0.6744980540766459
216	1.0	0.0	0.0
142	1.0	0.0	0.0
160	1.0	0.0	0.0
167	1.0	0.0	0.0
n205205	1.0	0.0	0.0
n208	8.240179492227341e-06	3.1625834955327634e-06	0.9999885972370122
n208208	1.4459979021819684e-11	7.0319691401287e-12	0.9999999999785081
1380	0.0	0.0	1.0
629	0.0	0.0	1.0
n214214	4.440187547926244e-06	2.7750700461479676e-06	0.9999927847424059
1169	0.0	0.0	1.0
583	0.0	0.0	1.0
n215215	4.590597956970101e-14	2.8690749538824196e-14	0.9999999999999254
1562	0.0	0.0	1.0
n218	1.5279170965852276e-08	9.549319532034931e-09	0.9999999751715095
607	0.0	0.0	1.0
n219	1.519553204440607e-10	9.497046094687472e-11	0.9999999997530743
646	0.0	0.0	1.0
619	0.0	0.0	1.0
564	0.0	0.0	1.0
n220220	4.739708117269439e-10	2.962267219965025e-10	0.9999999992298025
1094	0.0	0.0	1.0
1093	0.0	0.0	1.0
n224	0.0	0.0	1.0
134	0.0	0.0	1.0
n229	8.454537845057853e-09	5.283996334524687e-09	0.9999999862614658
n229229	1.844168220990085e-05	1.15258554619337e-05	0.9999700324623282
1153	0.0	0.0	1.0
1145	0.0	0.0	1.0
n236	0.0	0.0	1.0
1567	0.0	0.0	1.0
1341	0.0	0.0	1.0
n237	4.344781625337995e-156	2.715442358096048e-156	1.0
1127	0.0	0.0	1.0
1129	0.0	0.0	1.0
1378	0.0	0.0	1.0
1386	0.0	0.0	1.0
616	0.0	0.0	1.0
n253	1.8274298882882863e-06	1.142124266078093e-06	0.9999970304458456
752	0.0	1.0	0.0
726	0.0	1.0	0.0
499	1.0	0.0	0.0
479	1.0	0.0	0.0
503	1.0	0.0	0.0
484	1.0	0.0	0.0
295	1.0	0.0	0.0
296	1.0	0.0	0.0
293	1.0	0.0	0.0
291	1.0	0.0	0.0
292	1.0	0.0	0.0
294	1.0	0.0	0.0
368	1.0	0.0	0.0
285	1.0	0.0	0.0
1258	0.0	0.0	1.0
n9393	3.022494452422904e-14	1.8890269226318117e-14	0.9999999999999509
n9494	1.5851346565504553e-23	9.906923203184669e-24	1.0
1381	0.0	0.0	1.0
1592	0.0	0.0	1.0
1224	0.0	0.0	1.0
1582	0.0	0.0	1.0
1581	0.0	0.0	1.0
127	0.0	0.0	1.0
n122122	2.1594576570561564e-18	1.3496380941882128e-18	1.0
n123	0.0	0.0	1.0
n123123	2.1594576570561564e-18	1.3496380941882128e-18	1.0
117	0.0	0.0	1.0
118	0.0	0.0	1.0
n125125	1.3093037013900755e-10	8.18300903693858e-11	0.9999999997872395
104	0.0	0.0	1.0
n128	1.1708004494112808e-06	7.317378426267759e-07	0.999998097461708
105	0.0	0.0	1.0
1253	0.0	0.0	1.0
1261	0.0	0.0	1.0
1495	0.0	0.0	1.0
n132	4.793966159813283e-07	2.996177920132717e-07	0.999999220985592
1357	0.0	0.0	1.0
n132132	3.707147869183362e-07	2.3169280345414136e-07	0.9999993975924096
1507	0.0	0.0	1.0
1218	0.0	0.0	1.0
1359	0.0	0.0	1.0
1215	0.0	0.0	1.0
1385	0.0	0.0	1.0
n133	0.0	0.0	1.0
701	0.0	0.0	1.0
n145145	0.0	0.0	1.0
86	0.0	0.0	1.0
n146	7.146770941415054e-33	4.466655913096369e-33	1.0
1427	0.0	0.0	1.0
552	0.0	0.0	1.0
551	0.0	0.0	1.0
1089	0.0	0.0	1.0
1085	0.0	0.0	1.0
63	0.0	0.0	1.0
1606	0.0	0.0	1.0
1425	0.0	0.0	1.0
1430	0.0	0.0	1.0
n168	0.0	0.0	1.0
657	0.0	0.0	1.0
648	0.0	0.0	1.0
610	0.0	0.0	1.0
n170170	5.558506054090359e-10	3.4740072317986954e-10	0.9999999990967486
571	0.0	0.0	1.0
n171	0.0	0.0	1.0
574	0.0	0.0	1.0
665	0.0	0.0	1.0
666	0.0	0.0	1.0
52	0.0	0.0	1.0
699	0.0	0.0	1.0
677	0.0	0.0	1.0
n174174	6.828819083445908e-06	4.267939379696929e-06	0.9999889032415368
595	0.0	0.0	1.0
n175	4.0928292762151047e-10	2.557974816565264e-10	0.9999999993349197
n184	6.092212078289176e-07	3.807567826979992e-07	0.9999990100220094
82	0.0	0.0	1.0
77	0.0	0.0	1.0
49	0.0	0.0	1.0
72	0.0	0.0	1.0
1193	0.0	0.0	1.0
n187	4.498606573439799e-13	2.811581316466614e-13	0.9999999999992689
1289	0.0	0.0	1.0
1179	0.0	0.0	1.0
1294	0.0	0.0	1.0
1365	0.0	0.0	1.0
1292	0.0	0.0	1.0
1399	0.0	0.0	1.0
n188188	6.124796786747001e-07	3.827932923595338e-07	0.999999004727029
1177	0.0	0.0	1.0
1181	0.0	0.0	1.0
n191191	9.199773984745402e-18	5.749761004649881e-18	1.0
164	1.0	0.0	0.0
1553	0.0	0.0	1.0
156	1.0	0.0	0.0
136	1.0	0.0	0.0
n196196	1.0	0.0	0.0
158	1.0	0.0	0.0
162	1.0	0.0	0.0
1250	0.0	0.0	1.0
146	1.0	0.0	0.0
1501	0.0	0.0	1.0
n204	0.32539533793506425	0.00010660798828998886	0.6744980540766459
214	1.0	0.0	0.0
195	1.0	0.0	0.0
260	1.0	0.0	0.0
199	1.0	0.0	0.0
202	1.0	0.0	0.0
140	1.0	0.0	0.0
184	1.0	0.0	0.0
198	1.0	0.0	0.0
201	1.0	0.0	0.0
204	1.0	0.0	0.0
n206	1.0	0.0	0.0
200	1.0	0.0	0.0
n206206	0.9999997574475016	1.5369871042251765e-07	8.885378793513466e-08
219	1.0	0.0	0.0
218	1.0	0.0	0.0
223	1.0	0.0	0.0
197	1.0	0.0	0.0
193	1.0	0.0	0.0
n207	1.0	0.0	0.0
143	1.0	0.0	0.0
1384	0.0	0.0	1.0
1505	0.0	0.0	1.0
1248	0.0	0.0	1.0
1504	0.0	0.0	1.0
1509	0.0	0.0	1.0
n209	1.1482264518549372e-11	7.17627629733938e-12	0.9999999999813414
1227	0.0	0.0	1.0
686	0.0	0.0	1.0
606	0.0	0.0	1.0
n216	2.905024500409642e-06	1.815609450591314e-06	0.9999952793660489
645	0.0	0.0	1.0
602	0.0	0.0	1.0
1326	0.0	0.0	1.0
1428	0.0	0.0	1.0
1324	0.0	0.0	1.0
1404	0.0	0.0	1.0
93	0.0	0.0	1.0
708	0.0	0.0	1.0
1403	0.0	0.0	1.0
636	0.0	0.0	1.0
644	0.0	0.0	1.0
654	0.0	0.0	1.0
n224224	0.0	0.0	1.0
1583	0.0	0.0	1.0
133	0.0	0.0	1.0
1225	0.0	0.0	1.0
1149	0.0	0.0	1.0
1150	0.0	0.0	1.0
n230	3.94317580626864e-06	2.4644429877251735e-06	0.999993592381206
1551	0.0	0.0	1.0
1585	0.0	0.0	1.0
1586	0.0	0.0	1.0
n237237	4.344781625338279e-156	2.7154423580958704e-156	1.0
n240240	0.0	0.0	1.0
1203	0.0	0.0	1.0
1205	0.0	0.0	1.0
1196	0.0	0.0	1.0
1460	0.0	0.0	1.0
1210	0.0	0.0	1.0
n241	1.0780119431111849e-13	6.737460119482568e-14	0.9999999999998249
1451	0.0	0.0	1.0
1462	0.0	0.0	1.0
1173	0.0	0.0	1.0
1431	0.0	0.0	1.0
1368	0.0	0.0	1.0
1476	0.0	0.0	1.0
1455	0.0	0.0	1.0
1219	0.0	0.0	1.0
1442	0.0	0.0	1.0
1543	0.0	0.0	1.0
1458	0.0	0.0	1.0
n242	2.699739602518223e-08	1.687308570298299e-08	0.9999999561295182
1589	0.0	0.0	1.0
1545	0.0	0.0	1.0
1195	0.0	0.0	1.0
1472	0.0	0.0	1.0
n242242	4.34478162533771e-156	2.715442358095515e-156	1.0
n253253	1.888374965916647e-06	1.1802142921324242e-06	0.9999969314107421
n254254	4.17865207831757e-24	2.61161315612195e-24	1.0
1609	0.0	0.0	1.0
1389	0.0	0.0	1.0
1222	0.0	0.0	1.0
n94	6.2419963640858355e-09	3.901181414336704e-09	0.9999999898568223
1264	0.0	0.0	1.0
1518	0.0	0.0	1.0
1530	0.0	0.0	1.0
1307	0.0	0.0	1.0
n95	1.5851346565504553e-23	9.90692320318467e-24	1.0
1536	0.0	0.0	1.0
1512	0.0	0.0	1.0
n100	1.5851346565504553e-23	9.906923203184669e-24	1.0
122	0.0	0.0	1.0
116	0.0	0.0	1.0
131	0.0	0.0	1.0
130	0.0	0.0	1.0
n124	0.0	0.0	1.0
108	0.0	0.0	1.0
n124124	0.0	0.0	1.0
103	0.0	0.0	1.0
n126	0.0	0.0	1.0
n126126	1.942150939673733e-06	1.2138237044297552e-06	0.9999968440253558
119	0.0	0.0	1.0
n128128	4.0511292452895333e-08	2.5319127402462034e-08	0.9999999341695802
1410	0.0	0.0	1.0
1502	0.0	0.0	1.0
1260	0.0	0.0	1.0
1608	0.0	0.0	1.0
1262	0.0	0.0	1.0
1506	0.0	0.0	1.0
1511	0.0	0.0	1.0
1594	0.0	0.0	1.0
1560	0.0	0.0	1.0
1367	0.0	0.0	1.0
1217	0.0	0.0	1.0
1257	0.0	0.0	1.0
1382	0.0	0.0	1.0
1497	0.0	0.0	1.0
1213	0.0	0.0	1.0
1255	0.0	0.0	1.0
n146146	3.235840849942141e-08	2.0223661545491045e-08	0.99999994741793
1256	0.0	0.0	1.0
1254	0.0	0.0	1.0
1214	0.0	0.0	1.0
1220	0.0	0.0	1.0
1157	0.0	0.0	1.0
1436	0.0	0.0	1.0
1432	0.0	0.0	1.0
1435	0.0	0.0	1.0
609	0.0	0.0	1.0
1301	0.0	0.0	1.0
596	0.0	0.0	1.0
622	0.0	0.0	1.0
621	0.0	0.0	1.0
573	0.0	0.0	1.0
1174	0.0	0.0	1.0
97	0.0	0.0	1.0
563	0.0	0.0	1.0
n175175	8.593355536594135e-23	5.370755916974683e-23	1.0
1291	0.0	0.0	1.0
1229	0.0	0.0	1.0
1304	0.0	0.0	1.0
1299	0.0	0.0	1.0
1288	0.0	0.0	1.0
1448	0.0	0.0	1.0
1605	0.0	0.0	1.0
1184	0.0	0.0	1.0
n189	3.9048397672227865e-26	2.4404833705928313e-26	1.0
1186	0.0	0.0	1.0
1190	0.0	0.0	1.0
n197	0.9999994619196932	3.4096638788872797e-07	1.9711391877778154e-07
186	1.0	0.0	0.0
181	1.0	0.0	0.0
189	1.0	0.0	0.0
n197197	0.9999999999949297	3.2128937881470974e-12	1.8573856769868494e-12
252	1.0	0.0	0.0
169	1.0	0.0	0.0
261	1.0	0.0	0.0
185	1.0	0.0	0.0
251	1.0	0.0	0.0
178	1.0	0.0	0.0
n201	0.9999609241205463	2.4761288056586555e-05	1.4314591397237863e-05
171	1.0	0.0	0.0
259	1.0	0.0	0.0
250	1.0	0.0	0.0
253	1.0	0.0	0.0
183	1.0	0.0	0.0
233	1.0	0.0	0.0
173	1.0	0.0	0.0
n201201	1.0	0.0	0.0
192	1.0	0.0	0.0
249	1.0	0.0	0.0
188	1.0	0.0	0.0
150	1.0	0.0	0.0
1513	0.0	0.0	1.0
210	1.0	0.0	0.0
221	1.0	0.0	0.0
207	1.0	0.0	0.0
215	1.0	0.0	0.0
222	1.0	0.0	0.0
213	1.0	0.0	0.0
208	1.0	0.0	0.0
220	1.0	0.0	0.0
209	1.0	0.0	0.0
196	1.0	0.0	0.0
1305	0.0	0.0	1.0
1247	0.0	0.0	1.0
1251	0.0	0.0	1.0
n209209	0.0	0.0	1.0
n216216	1.4070560917828262e-05	8.793951091953756e-06	0.9999771354879903
n217	1.3693364864218543e-07	8.558207565672656e-08	0.9999997774842757
1578	0.0	0.0	1.0
n225	1.579341225414249e-13	9.870714874061237e-14	0.9999999999997434
1569	0.0	0.0	1.0
1572	0.0	0.0	1.0
1563	0.0	0.0	1.0
1138	0.0	0.0	1.0
1414	0.0	0.0	1.0
1570	0.0	0.0	1.0
1342	0.0	0.0	1.0
1223	0.0	0.0	1.0
1577	0.0	0.0	1.0
n225225	6.956535788855901e-08	4.347760963751752e-08	0.9999998869570326
1137	0.0	0.0	1.0
n226	3.840890509805294e-10	2.4005157640858555e-10	0.9999999993758594
1372	0.0	0.0	1.0
n230230	3.557613863889641e-22	2.223470869840129e-22	1.0
1201	0.0	0.0	1.0
91	0.0	0.0	1.0
1133	0.0	0.0	1.0
87	0.0	0.0	1.0
1329	0.0	0.0	1.0
1470	0.0	0.0	1.0
90	0.0	0.0	1.0
1550	0.0	0.0	1.0
1328	0.0	0.0	1.0
1322	0.0	0.0	1.0
1471	0.0	0.0	1.0
1453	0.0	0.0	1.0
1456	0.0	0.0	1.0
n238	5.192183678810657e-29	3.2450596389549525e-29	1.0
1457	0.0	0.0	1.0
1461	0.0	0.0	1.0
n241241	8.007243000829554e-09	5.004441808816849e-09	0.9999999869883152
1494	0.0	0.0	1.0
1493	0.0	0.0	1.0
1362	0.0	0.0	1.0
1590	0.0	0.0	1.0
1323	0.0	0.0	1.0
1467	0.0	0.0	1.0
1206	0.0	0.0	1.0
n243	0.0	0.0	1.0
1474	0.0	0.0	1.0
1450	0.0	0.0	1.0
1131	0.0	0.0	1.0
n243243	4.055993979493827e-37	2.5349531474423163e-37	1.0
1548	0.0	0.0	1.0
1481	0.0	0.0	1.0
1423	0.0	0.0	1.0
1465	0.0	0.0	1.0
n244244	4.34478162533771e-156	2.715442358095515e-156	1.0
1132	0.0	0.0	1.0
1439	0.0	0.0	1.0
1468	0.0	0.0	1.0
n245	3.761841889569463e-12	2.351111216228809e-12	0.9999999999938871
1396	0.0	0.0	1.0
n245245	2.0685818429691876e-07	1.292841675822993e-07	0.9999996638576482
1469	0.0	0.0	1.0
1549	0.0	0.0	1.0
1135	0.0	0.0	1.0
n246	9.17410671264216e-07	5.733719232267249e-07	0.9999985092174055
1379	0.0	0.0	1.0
1199	0.0	0.0	1.0
1454	0.0	0.0	1.0
n246246	3.828621314539741e-08	2.392847647389371e-08	0.9999999377853105
n247	8.965102793158468e-08	5.603094002988903e-08	0.9999998543180321
1475	0.0	0.0	1.0
1482	0.0	0.0	1.0
n247247	4.3447816253377106e-156	2.715442358095515e-156	1.0
n248	1.6286069062758757e-07	1.0178620145598784e-07	0.9999997353531079
1452	0.0	0.0	1.0
1240	0.0	0.0	1.0
n254	0.0	0.0	1.0
1146	0.0	0.0	1.0
1151	0.0	0.0	1.0
1156	0.0	0.0	1.0
1598	0.0	0.0	1.0
1241	0.0	0.0	1.0
1243	0.0	0.0	1.0
n255	0.0	0.0	1.0
1565	0.0	0.0	1.0
1593	0.0	0.0	1.0
1263	0.0	0.0	1.0
1265	0.0	0.0	1.0
n9595	1.7241965443314329e-06	1.0776045228271234e-06	0.9999971981989327
n9898	2.1171752633456407e-09	1.3232120473154205e-09	0.9999999965596126
n9999	2.597370918248498e-06	1.6233292301658826e-06	0.9999957792998516
n100100	0.0	0.0	1.0
1517	0.0	0.0	1.0
112	0.0	0.0	1.0
111	0.0	0.0	1.0
109	0.0	0.0	1.0
126	0.0	0.0	1.0
110	0.0	0.0	1.0
107	0.0	0.0	1.0
121	0.0	0.0	1.0
n127	1.5799110245449604e-27	9.874276058094326e-28	1.0
1415	0.0	0.0	1.0
1411	0.0	0.0	1.0
1358	0.0	0.0	1.0
1259	0.0	0.0	1.0
663	0.0	0.0	1.0
620	0.0	0.0	1.0
n176	2.1891532579219107e-07	1.3681975292515824e-07	0.9999996442649212
n176176	0.0	0.0	1.0
676	0.0	0.0	1.0
445	0.0	0.0	1.0
683	0.0	0.0	1.0
664	0.0	0.0	1.0
660	0.0	0.0	1.0
1364	0.0	0.0	1.0
1208	0.0	0.0	1.0
n189189	3.904839767222787e-26	2.4404833705928313e-26	1.0
1188	0.0	0.0	1.0
1192	0.0	0.0	1.0
1183	0.0	0.0	1.0
n190190	5.601789135314418e-07	3.501058697736429e-07	0.9999990897152167
191	1.0	0.0	0.0
190	1.0	0.0	0.0
139	1.0	0.0	0.0
137	1.0	0.0	0.0
138	1.0	0.0	0.0
n198	0.9999975567501098	1.548218880097168e-06	8.950310101572034e-07
n198198	0.9999999999949297	3.2128937881470974e-12	1.8573856769868494e-12
194	1.0	0.0	0.0
255	1.0	0.0	0.0
175	1.0	0.0	0.0
174	1.0	0.0	0.0
1515	0.0	0.0	1.0
1508	0.0	0.0	1.0
1148	0.0	0.0	1.0
1141	0.0	0.0	1.0
1152	0.0	0.0	1.0
1350	0.0	0.0	1.0
1165	0.0	0.0	1.0
1584	0.0	0.0	1.0
1252	0.0	0.0	1.0
1416	0.0	0.0	1.0
1170	0.0	0.0	1.0
1139	0.0	0.0	1.0
1412	0.0	0.0	1.0
1421	0.0	0.0	1.0
1580	0.0	0.0	1.0
n226226	2.6739950130311238e-08	1.6712184753721528e-08	0.9999999565478651
n227	0.0	0.0	1.0
1336	0.0	0.0	1.0
1334	0.0	0.0	1.0
1330	0.0	0.0	1.0
1335	0.0	0.0	1.0
1333	0.0	0.0	1.0
1332	0.0	0.0	1.0
1331	0.0	0.0	1.0
n231	3.557613863889641e-22	2.223470869840129e-22	1.0
n238238	5.192183678810656e-29	3.2450596389549525e-29	1.0
n240	0.0	0.0	1.0
1134	0.0	0.0	1.0
1438	0.0	0.0	1.0
1424	0.0	0.0	1.0
1591	0.0	0.0	1.0
1542	0.0	0.0	1.0
1426	0.0	0.0	1.0
1130	0.0	0.0	1.0
1544	0.0	0.0	1.0
1499	0.0	0.0	1.0
1363	0.0	0.0	1.0
1464	0.0	0.0	1.0
1479	0.0	0.0	1.0
1136	0.0	0.0	1.0
1437	0.0	0.0	1.0
96	0.0	0.0	1.0
1198	0.0	0.0	1.0
1325	0.0	0.0	1.0
88	0.0	0.0	1.0
1422	0.0	0.0	1.0
n244	0.0	0.0	1.0
1477	0.0	0.0	1.0
1226	0.0	0.0	1.0
444	0.0	0.0	1.0
1204	0.0	0.0	1.0
1212	0.0	0.0	1.0
1463	0.0	0.0	1.0
1484	0.0	0.0	1.0
1197	0.0	0.0	1.0
1486	0.0	0.0	1.0
1487	0.0	0.0	1.0
1483	0.0	0.0	1.0
1433	0.0	0.0	1.0
538	0.0	0.0	1.0
1498	0.0	0.0	1.0
1387	0.0	0.0	1.0
1602	0.0	0.0	1.0
1128	0.0	0.0	1.0
1441	0.0	0.0	1.0
95	0.0	0.0	1.0
1459	0.0	0.0	1.0
1480	0.0	0.0	1.0
1473	0.0	0.0	1.0
1478	0.0	0.0	1.0
1239	0.0	0.0	1.0
1600	0.0	0.0	1.0
1597	0.0	0.0	1.0
1547	0.0	0.0	1.0
1155	0.0	0.0	1.0
n255255	5.002825829838819e-08	3.1267129950321795e-08	0.9999999187046118
1242	0.0	0.0	1.0
1236	0.0	0.0	1.0
1286	0.0	0.0	1.0
n96	7.924766061572257e-17	4.952894597992885e-17	0.9999999999999998
1308	0.0	0.0	1.0
1310	0.0	0.0	1.0
1309	0.0	0.0	1.0
1284	0.0	0.0	1.0
1317	0.0	0.0	1.0
n101	5.729657164986844e-18	3.580974857847647e-18	1.0
n103103	2.0901657369030474e-09	1.3063313802304262e-09	0.9999999966035029
1315	0.0	0.0	1.0
1516	0.0	0.0	1.0
n104104	4.951157836097538e-07	3.094421047850139e-07	0.9999991954421117
1314	0.0	0.0	1.0
1390	0.0	0.0	1.0
n105	0.0	0.0	1.0
n105105	2.742217039706783e-15	1.7138565172727817e-15	0.9999999999999956
1394	0.0	0.0	1.0
1519	0.0	0.0	1.0
1532	0.0	0.0	1.0
1521	0.0	0.0	1.0
1528	0.0	0.0	1.0
n106106	0.0	0.0	1.0
1529	0.0	0.0	1.0
1534	0.0	0.0	1.0
n107	0.0	0.0	1.0
113	0.0	0.0	1.0
128	0.0	0.0	1.0
115	0.0	0.0	1.0
114	0.0	0.0	1.0
120	0.0	0.0	1.0
129	0.0	0.0	1.0
125	0.0	0.0	1.0
76	0.0	0.0	1.0
75	0.0	0.0	1.0
60	0.0	0.0	1.0
59	0.0	0.0	1.0
1398	0.0	0.0	1.0
n190	3.904839767222787e-26	2.4404833705928313e-26	1.0
1449	0.0	0.0	1.0
n191	0.0	0.0	1.0
254	1.0	0.0	0.0
141	1.0	0.0	0.0
256	1.0	0.0	0.0
n199	0.9999984578121233	9.772411724594925e-07	5.649467042403815e-07
1417	0.0	0.0	1.0
1601	0.0	0.0	1.0
1564	0.0	0.0	1.0
1573	0.0	0.0	1.0
1340	0.0	0.0	1.0
1175	0.0	0.0	1.0
n231231	1.3041675999538472e-39	8.150908948607151e-40	1.0
n239	6.060170726299081e-08	3.787542322384511e-08	0.9999999015228695
n239239	5.883308226538039e-09	3.677005138971403e-09	0.9999999904396866
98	0.0	0.0	1.0
92	0.0	0.0	1.0
1202	0.0	0.0	1.0
1466	0.0	0.0	1.0
1514	0.0	0.0	1.0
1510	0.0	0.0	1.0
n256	0.0	0.0	1.0
1159	0.0	0.0	1.0
1312	0.0	0.0	1.0
n9696	3.465581136581583e-12	2.1659513930024495e-12	0.9999999999943685
1313	0.0	0.0	1.0
1158	0.0	0.0	1.0
n101101	5.729657164986844e-18	3.580974857847647e-18	1.0
1269	0.0	0.0	1.0
1266	0.0	0.0	1.0
n104	1.4800374585899736e-08	9.250076881162912e-09	0.9999999759495485
1538	0.0	0.0	1.0
1392	0.0	0.0	1.0
1267	0.0	0.0	1.0
1249	0.0	0.0	1.0
1285	0.0	0.0	1.0
1520	0.0	0.0	1.0
1533	0.0	0.0	1.0
1522	0.0	0.0	1.0
1172	0.0	0.0	1.0
n106	0.0	0.0	1.0
1525	0.0	0.0	1.0
1537	0.0	0.0	1.0
1539	0.0	0.0	1.0
1555	0.0	0.0	1.0
1391	0.0	0.0	1.0
1531	0.0	0.0	1.0
1535	0.0	0.0	1.0
1207	0.0	0.0	1.0
1397	0.0	0.0	1.0
1366	0.0	0.0	1.0
1235	0.0	0.0	1.0
257	1.0	0.0	0.0
n199199	0.999999966311722	2.1347316228757964e-08	1.2340961768384684e-08
n232	3.0081010648889375e-12	1.8800312083343915e-12	0.9999999999951119
n232232	0.0	0.0	1.0
1277	0.0	0.0	1.0
1271	0.0	0.0	1.0
1280	0.0	0.0	1.0
1162	0.0	0.0	1.0
1281	0.0	0.0	1.0
1273	0.0	0.0	1.0
101	0.0	0.0	1.0
1275	0.0	0.0	1.0
1338	0.0	0.0	1.0
100	0.0	0.0	1.0
1278	0.0	0.0	1.0
n234	1.3041675999538472e-39	8.150908948607151e-40	1.0
1383	0.0	0.0	1.0
1607	0.0	0.0	1.0
89	0.0	0.0	1.0
1434	0.0	0.0	1.0
1306	0.0	0.0	1.0
1552	0.0	0.0	1.0
1554	0.0	0.0	1.0
1316	0.0	0.0	1.0
1287	0.0	0.0	1.0
n97	0.0	0.0	1.0
1339	0.0	0.0	1.0
1374	0.0	0.0	1.0
n102	5.729657164986844e-18	3.580974857847647e-18	1.0
1375	0.0	0.0	1.0
1526	0.0	0.0	1.0
1527	0.0	0.0	1.0
1524	0.0	0.0	1.0
1523	0.0	0.0	1.0
227	1.0	0.0	0.0
224	1.0	0.0	0.0
226	1.0	0.0	0.0
n200	0.9999967031151337	2.089143405238588e-06	1.2077414611018043e-06
1161	0.0	0.0	1.0
1163	0.0	0.0	1.0
1276	0.0	0.0	1.0
1245	0.0	0.0	1.0
1246	0.0	0.0	1.0
1270	0.0	0.0	1.0
n233	0.0	0.0	1.0
1268	0.0	0.0	1.0
102	0.0	0.0	1.0
n234234	1.3041675999538472e-39	8.150908948607151e-40	1.0
1164	0.0	0.0	1.0
n9797	0.0	0.0	1.0
1373	0.0	0.0	1.0
1393	0.0	0.0	1.0
n102102	6.558395576494871e-07	4.098927560755947e-07	0.9999989342676863
1311	0.0	0.0	1.0
225	1.0	0.0	0.0
n200200	0.9999999711020136	1.8311842915425297e-08	1.0586143518288898e-08
1321	0.0	0.0	1.0
n233233	0.0	0.0	1.0
1279	0.0	0.0	1.0
1282	0.0	0.0	1.0
1337	0.0	0.0	1.0
1160	0.0	0.0	1.0
n98	0.0	0.0	1.0
1557	0.0	0.0	1.0
1283	0.0	0.0	1.0
n103	0.0	0.0	1.0
1610	0.0	0.0	1.0
258	1.0	0.0	0.0
206	1.0	0.0	0.0
205	1.0	0.0	0.0
1272	0.0	0.0	1.0
1274	0.0	0.0	1.0
1556	0.0	0.0	1.0
1558	0.0	0.0	1.0
1541	0.0	0.0	1.0
1540	0.0	0.0	1.0
1376	0.0	0.0	1.0
1377	0.0	0.0	1.0
